1.00000000e-09 9.30000000e-07 3.00000000e-11
1.00000000e-09 9.30000000e-07 3.00000000e-11
1.00000000e-09 9.30000000e-07 3.00000000e-11
1.00000000e-09 9.30000000e-07 3.00000000e-11
1.02000000e-09 9.49000000e-07 3.09000000e-11
1.04000000e-09 9.68000000e-07 3.19000000e-11
1.06000000e-09 9.87000000e-07 3.29000000e-11
1.08000000e-09 1.01000000e-06 3.39000000e-11
1.10000000e-09 1.03000000e-06 3.50000000e-11
1.13000000e-09 1.05000000e-06 3.61000000e-11
1.15000000e-09 1.07000000e-06 3.72000000e-11
1.17000000e-09 1.09000000e-06 3.84000000e-11
1.20000000e-09 1.11000000e-06 3.95000000e-11
1.22000000e-09 1.13000000e-06 4.08000000e-11
1.24000000e-09 1.16000000e-06 4.20000000e-11
1.27000000e-09 1.18000000e-06 4.34000000e-11
1.29000000e-09 1.20000000e-06 4.47000000e-11
1.32000000e-09 1.23000000e-06 4.61000000e-11
1.35000000e-09 1.25000000e-06 4.75000000e-11
1.37000000e-09 1.28000000e-06 4.90000000e-11
1.40000000e-09 1.30000000e-06 5.05000000e-11
1.43000000e-09 1.33000000e-06 5.21000000e-11
1.46000000e-09 1.36000000e-06 5.37000000e-11
1.49000000e-09 1.38000000e-06 5.54000000e-11
1.52000000e-09 1.41000000e-06 5.71000000e-11
1.55000000e-09 1.44000000e-06 5.88000000e-11
1.58000000e-09 1.47000000e-06 6.06000000e-11
1.61000000e-09 1.50000000e-06 6.25000000e-11
1.64000000e-09 1.53000000e-06 6.44000000e-11
1.67000000e-09 1.56000000e-06 6.64000000e-11
1.71000000e-09 1.59000000e-06 6.85000000e-11
1.74000000e-09 1.62000000e-06 7.06000000e-11
1.78000000e-09 1.65000000e-06 7.27000000e-11
1.81000000e-09 1.69000000e-06 7.50000000e-11
1.85000000e-09 1.72000000e-06 7.73000000e-11
1.88000000e-09 1.75000000e-06 7.96000000e-11
1.92000000e-09 1.79000000e-06 8.21000000e-11
1.96000000e-09 1.82000000e-06 8.46000000e-11
2.00000000e-09 1.86000000e-06 8.72000000e-11
2.04000000e-09 1.90000000e-06 8.98000000e-11
2.08000000e-09 1.94000000e-06 9.26000000e-11
2.12000000e-09 1.97000000e-06 9.54000000e-11
2.16000000e-09 2.01000000e-06 9.83000000e-11
2.21000000e-09 2.05000000e-06 1.01000000e-10
2.25000000e-09 2.10000000e-06 1.04000000e-10
2.30000000e-09 2.14000000e-06 1.08000000e-10
2.34000000e-09 2.18000000e-06 1.11000000e-10
2.39000000e-09 2.22000000e-06 1.14000000e-10
2.44000000e-09 2.27000000e-06 1.18000000e-10
2.49000000e-09 2.31000000e-06 1.21000000e-10
2.54000000e-09 2.36000000e-06 1.25000000e-10
2.59000000e-09 2.41000000e-06 1.29000000e-10
2.64000000e-09 2.46000000e-06 1.33000000e-10
2.69000000e-09 2.50000000e-06 1.37000000e-10
2.75000000e-09 2.55000000e-06 1.41000000e-10
2.80000000e-09 2.61000000e-06 1.45000000e-10
2.86000000e-09 2.66000000e-06 1.49000000e-10
2.91000000e-09 2.71000000e-06 1.54000000e-10
2.97000000e-09 2.77000000e-06 1.58000000e-10
3.03000000e-09 2.82000000e-06 1.63000000e-10
3.09000000e-09 2.88000000e-06 1.68000000e-10
3.15000000e-09 2.93000000e-06 1.73000000e-10
3.22000000e-09 2.99000000e-06 1.78000000e-10
3.28000000e-09 3.05000000e-06 1.84000000e-10
3.35000000e-09 3.11000000e-06 1.89000000e-10
3.41000000e-09 3.18000000e-06 1.95000000e-10
3.48000000e-09 3.24000000e-06 2.01000000e-10
3.55000000e-09 3.30000000e-06 2.07000000e-10
3.62000000e-09 3.37000000e-06 2.13000000e-10
3.69000000e-09 3.44000000e-06 2.19000000e-10
3.77000000e-09 3.51000000e-06 2.26000000e-10
3.84000000e-09 3.58000000e-06 2.33000000e-10
3.92000000e-09 3.65000000e-06 2.40000000e-10
4.00000000e-09 3.72000000e-06 2.47000000e-10
4.08000000e-09 3.80000000e-06 2.54000000e-10
4.16000000e-09 3.87000000e-06 2.62000000e-10
4.24000000e-09 3.95000000e-06 2.69000000e-10
4.33000000e-09 4.03000000e-06 2.77000000e-10
4.42000000e-09 4.11000000e-06 2.86000000e-10
4.50000000e-09 4.19000000e-06 2.94000000e-10
4.59000000e-09 4.28000000e-06 3.03000000e-10
4.69000000e-09 4.36000000e-06 3.12000000e-10
4.78000000e-09 4.45000000e-06 3.21000000e-10
4.88000000e-09 4.54000000e-06 3.30000000e-10
4.97000000e-09 4.63000000e-06 3.40000000e-10
5.07000000e-09 4.72000000e-06 3.35000000e-10
5.17000000e-09 4.81000000e-06 3.45000000e-10
5.28000000e-09 4.91000000e-06 3.55000000e-10
5.38000000e-09 5.01000000e-06 3.66000000e-10
5.49000000e-09 5.11000000e-06 3.77000000e-10
5.60000000e-09 5.21000000e-06 3.88000000e-10
5.71000000e-09 5.32000000e-06 3.99000000e-10
5.83000000e-09 5.42000000e-06 4.11000000e-10
5.94000000e-09 5.53000000e-06 4.23000000e-10
6.06000000e-09 5.64000000e-06 4.35000000e-10
6.18000000e-09 5.75000000e-06 4.48000000e-10
6.31000000e-09 5.87000000e-06 4.61000000e-10
6.43000000e-09 5.99000000e-06 4.75000000e-10
6.56000000e-09 6.11000000e-06 4.89000000e-10
6.69000000e-09 6.23000000e-06 5.03000000e-10
6.83000000e-09 6.35000000e-06 5.18000000e-10
6.96000000e-09 6.48000000e-06 5.33000000e-10
7.10000000e-09 6.61000000e-06 5.48000000e-10
7.24000000e-09 6.74000000e-06 5.64000000e-10
7.39000000e-09 6.88000000e-06 5.81000000e-10
7.54000000e-09 7.01000000e-06 5.98000000e-10
7.69000000e-09 7.15000000e-06 6.15000000e-10
7.84000000e-09 7.30000000e-06 6.33000000e-10
8.00000000e-09 7.44000000e-06 6.52000000e-10
8.16000000e-09 7.59000000e-06 6.71000000e-10
8.32000000e-09 7.74000000e-06 6.90000000e-10
8.49000000e-09 7.90000000e-06 7.10000000e-10
8.66000000e-09 8.06000000e-06 7.31000000e-10
8.83000000e-09 8.22000000e-06 7.52000000e-10
9.01000000e-09 8.38000000e-06 7.74000000e-10
9.19000000e-09 8.55000000e-06 7.96000000e-10
9.37000000e-09 8.72000000e-06 8.19000000e-10
9.56000000e-09 8.90000000e-06 8.43000000e-10
9.75000000e-09 9.07000000e-06 8.67000000e-10
9.95000000e-09 9.26000000e-06 8.92000000e-10
1.01000000e-08 9.44000000e-06 9.18000000e-10
1.03000000e-08 9.63000000e-06 9.44000000e-10
1.06000000e-08 9.82000000e-06 9.71000000e-10
1.08000000e-08 1.00000000e-05 9.99000000e-10
1.10000000e-08 1.02000000e-05 1.03000000e-09
1.12000000e-08 1.04000000e-05 1.06000000e-09
1.14000000e-08 1.06000000e-05 1.09000000e-09
1.17000000e-08 1.08000000e-05 1.12000000e-09
1.19000000e-08 1.11000000e-05 1.15000000e-09
1.21000000e-08 1.13000000e-05 1.18000000e-09
1.24000000e-08 1.15000000e-05 1.22000000e-09
1.26000000e-08 1.17000000e-05 1.25000000e-09
1.29000000e-08 1.20000000e-05 1.29000000e-09
1.31000000e-08 1.22000000e-05 1.33000000e-09
1.34000000e-08 1.25000000e-05 1.36000000e-09
1.37000000e-08 1.27000000e-05 1.40000000e-09
1.39000000e-08 1.30000000e-05 1.44000000e-09
1.42000000e-08 1.32000000e-05 1.48000000e-09
1.45000000e-08 1.35000000e-05 1.53000000e-09
1.48000000e-08 1.38000000e-05 1.57000000e-09
1.51000000e-08 1.40000000e-05 1.62000000e-09
1.54000000e-08 1.43000000e-05 1.66000000e-09
1.57000000e-08 1.46000000e-05 1.71000000e-09
1.60000000e-08 1.49000000e-05 1.76000000e-09
1.63000000e-08 1.52000000e-05 1.81000000e-09
1.66000000e-08 1.55000000e-05 1.86000000e-09
1.70000000e-08 1.58000000e-05 1.91000000e-09
1.73000000e-08 1.61000000e-05 1.97000000e-09
1.77000000e-08 1.64000000e-05 2.02000000e-09
1.80000000e-08 1.68000000e-05 2.08000000e-09
1.84000000e-08 1.71000000e-05 2.14000000e-09
1.87000000e-08 1.74000000e-05 2.20000000e-09
1.91000000e-08 1.78000000e-05 2.26000000e-09
1.95000000e-08 1.81000000e-05 2.32000000e-09
1.99000000e-08 1.85000000e-05 2.39000000e-09
2.03000000e-08 1.89000000e-05 2.46000000e-09
2.07000000e-08 1.93000000e-05 2.53000000e-09
2.11000000e-08 1.96000000e-05 2.60000000e-09
2.15000000e-08 2.00000000e-05 2.67000000e-09
2.20000000e-08 2.04000000e-05 2.75000000e-09
2.24000000e-08 2.08000000e-05 2.82000000e-09
2.28000000e-08 2.13000000e-05 2.90000000e-09
2.33000000e-08 2.17000000e-05 2.99000000e-09
2.38000000e-08 2.21000000e-05 3.07000000e-09
2.42000000e-08 2.26000000e-05 3.16000000e-09
2.47000000e-08 2.30000000e-05 3.25000000e-09
2.52000000e-08 2.35000000e-05 3.34000000e-09
2.57000000e-08 2.39000000e-05 3.43000000e-09
2.62000000e-08 2.44000000e-05 3.53000000e-09
2.68000000e-08 2.49000000e-05 3.63000000e-09
2.73000000e-08 2.54000000e-05 3.73000000e-09
2.79000000e-08 2.59000000e-05 3.83000000e-09
2.84000000e-08 2.64000000e-05 3.94000000e-09
2.90000000e-08 2.70000000e-05 4.05000000e-09
2.96000000e-08 2.75000000e-05 4.16000000e-09
3.01000000e-08 2.81000000e-05 4.28000000e-09
3.07000000e-08 2.86000000e-05 4.40000000e-09
3.14000000e-08 2.92000000e-05 4.52000000e-09
3.20000000e-08 2.98000000e-05 4.65000000e-09
3.26000000e-08 3.04000000e-05 4.78000000e-09
3.33000000e-08 3.10000000e-05 4.91000000e-09
3.39000000e-08 3.16000000e-05 5.05000000e-09
3.46000000e-08 3.22000000e-05 5.19000000e-09
3.53000000e-08 3.29000000e-05 5.34000000e-09
3.60000000e-08 3.35000000e-05 5.48000000e-09
3.67000000e-08 3.42000000e-05 5.64000000e-09
3.75000000e-08 3.49000000e-05 5.79000000e-09
3.82000000e-08 3.56000000e-05 5.96000000e-09
3.90000000e-08 3.63000000e-05 6.12000000e-09
3.98000000e-08 3.70000000e-05 6.29000000e-09
4.06000000e-08 3.78000000e-05 6.47000000e-09
4.14000000e-08 3.85000000e-05 6.65000000e-09
4.22000000e-08 3.93000000e-05 6.83000000e-09
4.31000000e-08 4.01000000e-05 7.02000000e-09
4.39000000e-08 4.09000000e-05 7.22000000e-09
4.48000000e-08 4.17000000e-05 7.42000000e-09
4.57000000e-08 4.25000000e-05 7.62000000e-09
4.66000000e-08 4.34000000e-05 7.83000000e-09
4.75000000e-08 4.42000000e-05 8.05000000e-09
4.85000000e-08 4.51000000e-05 8.27000000e-09
4.95000000e-08 4.60000000e-05 8.50000000e-09
5.04000000e-08 4.70000000e-05 8.74000000e-09
5.15000000e-08 4.79000000e-05 8.98000000e-09
5.25000000e-08 4.89000000e-05 9.23000000e-09
5.35000000e-08 4.98000000e-05 9.48000000e-09
5.46000000e-08 5.08000000e-05 9.75000000e-09
5.57000000e-08 5.18000000e-05 1.00000000e-08
5.68000000e-08 5.29000000e-05 1.03000000e-08
5.79000000e-08 5.39000000e-05 1.06000000e-08
5.91000000e-08 5.50000000e-05 1.09000000e-08
6.03000000e-08 5.61000000e-05 1.12000000e-08
6.15000000e-08 5.72000000e-05 1.15000000e-08
6.27000000e-08 5.84000000e-05 1.18000000e-08
6.40000000e-08 5.96000000e-05 1.21000000e-08
6.53000000e-08 6.07000000e-05 1.25000000e-08
6.66000000e-08 6.20000000e-05 1.28000000e-08
6.79000000e-08 6.32000000e-05 1.32000000e-08
6.93000000e-08 6.45000000e-05 1.35000000e-08
7.06000000e-08 6.58000000e-05 1.39000000e-08
7.21000000e-08 6.71000000e-05 1.43000000e-08
7.35000000e-08 6.84000000e-05 1.47000000e-08
7.50000000e-08 6.98000000e-05 1.51000000e-08
7.65000000e-08 7.12000000e-05 1.55000000e-08
7.80000000e-08 7.26000000e-05 1.59000000e-08
7.95000000e-08 7.41000000e-05 1.63000000e-08
8.11000000e-08 7.55000000e-05 1.68000000e-08
8.28000000e-08 7.70000000e-05 1.73000000e-08
8.44000000e-08 7.86000000e-05 1.77000000e-08
8.61000000e-08 8.02000000e-05 1.82000000e-08
8.78000000e-08 8.18000000e-05 1.87000000e-08
8.96000000e-08 8.34000000e-05 1.92000000e-08
9.14000000e-08 8.51000000e-05 1.98000000e-08
9.32000000e-08 8.68000000e-05 2.03000000e-08
9.51000000e-08 8.85000000e-05 2.09000000e-08
9.70000000e-08 9.03000000e-05 2.14000000e-08
9.89000000e-08 9.21000000e-05 2.20000000e-08
1.01000000e-07 9.39000000e-05 2.26000000e-08
1.03000000e-07 9.58000000e-05 2.32000000e-08
1.05000000e-07 9.77000000e-05 2.39000000e-08
1.07000000e-07 9.97000000e-05 2.45000000e-08
1.09000000e-07 1.01664000e-04 2.52000000e-08
1.11000000e-07 1.03698000e-04 2.59000000e-08
1.14000000e-07 1.05772000e-04 2.66000000e-08
1.16000000e-07 1.07888000e-04 2.73000000e-08
1.18000000e-07 1.10047000e-04 2.81000000e-08
1.21000000e-07 1.12248000e-04 2.88000000e-08
1.23000000e-07 1.14494000e-04 2.96000000e-08
1.25000000e-07 1.16784000e-04 3.04000000e-08
1.28000000e-07 1.19121000e-04 3.13000000e-08
1.31000000e-07 1.21504000e-04 3.21000000e-08
1.33000000e-07 1.23934000e-04 3.30000000e-08
1.36000000e-07 1.26414000e-04 3.39000000e-08
1.38000000e-07 1.28943000e-04 3.48000000e-08
1.41000000e-07 1.31522000e-04 3.58000000e-08
1.44000000e-07 1.34153000e-04 3.67000000e-08
1.47000000e-07 1.36837000e-04 3.77000000e-08
1.50000000e-07 1.39575000e-04 3.88000000e-08
1.53000000e-07 1.42367000e-04 3.98000000e-08
1.56000000e-07 1.45215000e-04 4.09000000e-08
1.59000000e-07 1.48120000e-04 4.17000000e-08
1.62000000e-07 1.51083000e-04 4.28000000e-08
1.66000000e-07 1.54106000e-04 4.40000000e-08
1.69000000e-07 1.57189000e-04 4.36000000e-08
1.72000000e-07 1.60334000e-04 4.48000000e-08
1.76000000e-07 1.63541000e-04 4.60000000e-08
1.79000000e-07 1.66813000e-04 4.73000000e-08
1.83000000e-07 1.70150000e-04 4.86000000e-08
1.86000000e-07 1.73554000e-04 4.99000000e-08
1.90000000e-07 1.77026000e-04 5.13000000e-08
1.94000000e-07 1.80568000e-04 5.27000000e-08
1.98000000e-07 1.84180000e-04 5.41000000e-08
2.02000000e-07 1.87865000e-04 5.56000000e-08
2.06000000e-07 1.91623000e-04 5.71000000e-08
2.10000000e-07 1.95457000e-04 5.86000000e-08
2.14000000e-07 1.99367000e-04 6.02000000e-08
2.18000000e-07 2.03356000e-04 6.19000000e-08
2.23000000e-07 2.07424000e-04 6.35000000e-08
2.27000000e-07 2.11574000e-04 6.53000000e-08
2.32000000e-07 2.15807000e-04 6.70000000e-08
2.36000000e-07 2.20124000e-04 6.88000000e-08
2.41000000e-07 2.24528000e-04 7.07000000e-08
2.46000000e-07 2.29020000e-04 7.26000000e-08
2.51000000e-07 2.33602000e-04 7.46000000e-08
2.56000000e-07 2.38276000e-04 7.66000000e-08
2.61000000e-07 2.43043000e-04 7.87000000e-08
2.66000000e-07 2.47905000e-04 8.08000000e-08
2.72000000e-07 2.52865000e-04 8.30000000e-08
2.77000000e-07 2.57924000e-04 8.53000000e-08
2.83000000e-07 2.63084000e-04 8.76000000e-08
2.88000000e-07 2.68348000e-04 9.00000000e-08
2.94000000e-07 2.73716000e-04 9.24000000e-08
3.00000000e-07 2.79193000e-04 9.49000000e-08
3.06000000e-07 2.84778000e-04 9.75000000e-08
3.12000000e-07 2.90476000e-04 1.00000000e-07
3.18000000e-07 2.96288000e-04 1.03000000e-07
3.25000000e-07 3.02215000e-04 1.06000000e-07
3.31000000e-07 3.08262000e-04 1.08000000e-07
3.38000000e-07 3.14429000e-04 1.11000000e-07
3.44000000e-07 3.20720000e-04 1.14000000e-07
3.51000000e-07 3.27137000e-04 1.18000000e-07
3.58000000e-07 3.33682000e-04 1.21000000e-07
3.65000000e-07 3.40358000e-04 1.24000000e-07
3.73000000e-07 3.47168000e-04 1.27000000e-07
3.80000000e-07 3.54114000e-04 1.31000000e-07
3.88000000e-07 3.61199000e-04 1.34000000e-07
3.96000000e-07 3.68425000e-04 1.38000000e-07
4.04000000e-07 3.75797000e-04 1.42000000e-07
4.12000000e-07 3.83315000e-04 1.46000000e-07
4.20000000e-07 3.90985000e-04 1.49000000e-07
4.28000000e-07 3.98807000e-04 1.53000000e-07
4.37000000e-07 4.06787000e-04 1.58000000e-07
4.46000000e-07 4.14925000e-04 1.62000000e-07
4.54000000e-07 4.23227000e-04 1.66000000e-07
4.64000000e-07 4.31695000e-04 1.71000000e-07
4.73000000e-07 4.40333000e-04 1.75000000e-07
4.82000000e-07 4.49143000e-04 1.80000000e-07
4.92000000e-07 4.58129000e-04 1.85000000e-07
5.02000000e-07 4.67296000e-04 1.90000000e-07
5.12000000e-07 4.76645000e-04 1.95000000e-07
5.22000000e-07 4.86182000e-04 2.00000000e-07
5.32000000e-07 4.95910000e-04 2.06000000e-07
5.43000000e-07 5.05832000e-04 2.11000000e-07
5.54000000e-07 5.15953000e-04 2.17000000e-07
5.65000000e-07 5.26277000e-04 2.23000000e-07
5.76000000e-07 5.36807000e-04 2.29000000e-07
5.88000000e-07 5.47548000e-04 2.35000000e-07
6.00000000e-07 5.58503000e-04 2.41000000e-07
6.12000000e-07 5.69678000e-04 2.48000000e-07
6.24000000e-07 5.81077000e-04 2.55000000e-07
6.36000000e-07 5.92703000e-04 2.62000000e-07
6.49000000e-07 6.04563000e-04 2.69000000e-07
6.62000000e-07 6.16660000e-04 2.76000000e-07
6.75000000e-07 6.28998000e-04 2.83000000e-07
6.89000000e-07 6.41584000e-04 2.91000000e-07
7.03000000e-07 6.54422000e-04 2.99000000e-07
7.17000000e-07 6.67516000e-04 3.07000000e-07
7.31000000e-07 6.80873000e-04 3.15000000e-07
7.46000000e-07 6.94496000e-04 3.24000000e-07
7.60000000e-07 7.08393000e-04 3.32000000e-07
7.76000000e-07 7.22568000e-04 3.41000000e-07
7.91000000e-07 7.37026000e-04 3.50000000e-07
8.07000000e-07 7.51773000e-04 3.60000000e-07
8.23000000e-07 7.66816000e-04 3.55000000e-07
8.40000000e-07 7.82160000e-04 3.64000000e-07
8.56000000e-07 7.97810000e-04 3.74000000e-07
8.73000000e-07 8.13774000e-04 3.84000000e-07
8.91000000e-07 8.30057000e-04 3.94000000e-07
9.09000000e-07 8.46666000e-04 4.05000000e-07
9.27000000e-07 8.63608000e-04 4.16000000e-07
9.45000000e-07 8.80888000e-04 4.27000000e-07
9.64000000e-07 8.98515000e-04 4.39000000e-07
9.84000000e-07 9.16494000e-04 4.50000000e-07
1.00000000e-06 9.34833000e-04 4.62000000e-07
1.02000000e-06 9.53539000e-04 4.75000000e-07
1.04000000e-06 9.72619000e-04 4.88000000e-07
1.06000000e-06 9.92082000e-04 5.01000000e-07
1.09000000e-06 1.01193000e-03 5.14000000e-07
1.11000000e-06 1.03218000e-03 5.28000000e-07
1.13000000e-06 1.05284000e-03 5.42000000e-07
1.15000000e-06 1.07390000e-03 5.57000000e-07
1.18000000e-06 1.09539000e-03 5.72000000e-07
1.20000000e-06 1.11731000e-03 5.87000000e-07
1.22000000e-06 1.13967000e-03 6.03000000e-07
1.25000000e-06 1.16248000e-03 6.19000000e-07
1.27000000e-06 1.18574000e-03 6.36000000e-07
1.30000000e-06 1.20947000e-03 6.53000000e-07
1.32000000e-06 1.23367000e-03 6.71000000e-07
1.35000000e-06 1.25836000e-03 6.89000000e-07
1.38000000e-06 1.28354000e-03 7.07000000e-07
1.40000000e-06 1.30922000e-03 7.26000000e-07
1.43000000e-06 1.33542000e-03 7.46000000e-07
1.46000000e-06 1.36215000e-03 7.66000000e-07
1.49000000e-06 1.38940000e-03 7.34000000e-07
1.52000000e-06 1.41721000e-03 7.54000000e-07
1.55000000e-06 1.44557000e-03 7.74000000e-07
1.58000000e-06 1.47449000e-03 7.95000000e-07
1.61000000e-06 1.50400000e-03 8.16000000e-07
1.65000000e-06 1.53410000e-03 8.38000000e-07
1.68000000e-06 1.56479000e-03 8.61000000e-07
1.71000000e-06 1.59611000e-03 8.84000000e-07
1.75000000e-06 1.62805000e-03 9.07000000e-07
1.78000000e-06 1.66063000e-03 9.32000000e-07
1.82000000e-06 1.69386000e-03 9.57000000e-07
1.85000000e-06 1.72775000e-03 9.83000000e-07
1.89000000e-06 1.76233000e-03 1.01000000e-06
1.93000000e-06 1.79760000e-03 1.04000000e-06
1.97000000e-06 1.83357000e-03 1.06000000e-06
2.01000000e-06 1.87026000e-03 1.09000000e-06
2.05000000e-06 1.90769000e-03 1.12000000e-06
2.09000000e-06 1.94587000e-03 1.15000000e-06
2.13000000e-06 1.98481000e-03 1.18000000e-06
2.17000000e-06 2.02453000e-03 1.21000000e-06
2.22000000e-06 2.06504000e-03 1.25000000e-06
2.26000000e-06 2.10637000e-03 1.28000000e-06
2.30000000e-06 2.14852000e-03 1.32000000e-06
2.35000000e-06 2.19152000e-03 1.35000000e-06
2.40000000e-06 2.23538000e-03 1.39000000e-06
2.45000000e-06 2.28011000e-03 1.42000000e-06
2.49000000e-06 2.32574000e-03 1.46000000e-06
2.54000000e-06 2.37229000e-03 1.50000000e-06
2.60000000e-06 2.41976000e-03 1.54000000e-06
2.65000000e-06 2.46819000e-03 1.58000000e-06
2.70000000e-06 2.51759000e-03 1.63000000e-06
2.75000000e-06 2.56797000e-03 1.67000000e-06
2.81000000e-06 2.61936000e-03 1.71000000e-06
2.87000000e-06 2.67179000e-03 1.76000000e-06
2.92000000e-06 2.72526000e-03 1.81000000e-06
2.98000000e-06 2.77980000e-03 1.86000000e-06
3.04000000e-06 2.83543000e-03 1.91000000e-06
3.10000000e-06 2.89218000e-03 1.96000000e-06
3.16000000e-06 2.95006000e-03 2.01000000e-06
3.23000000e-06 3.00911000e-03 2.06000000e-06
3.29000000e-06 3.06933000e-03 2.12000000e-06
3.36000000e-06 3.13076000e-03 2.18000000e-06
3.43000000e-06 3.19342000e-03 2.23000000e-06
3.49000000e-06 3.25733000e-03 2.29000000e-06
3.56000000e-06 3.32253000e-03 2.36000000e-06
3.63000000e-06 3.38902000e-03 2.42000000e-06
3.71000000e-06 3.45685000e-03 2.48000000e-06
3.78000000e-06 3.52604000e-03 2.55000000e-06
3.86000000e-06 3.59661000e-03 2.62000000e-06
3.93000000e-06 3.66860000e-03 2.69000000e-06
4.01000000e-06 3.74202000e-03 2.76000000e-06
4.09000000e-06 3.81692000e-03 2.84000000e-06
4.18000000e-06 3.89332000e-03 2.91000000e-06
4.26000000e-06 3.97124000e-03 2.99000000e-06
4.34000000e-06 4.05073000e-03 3.07000000e-06
4.43000000e-06 4.13180000e-03 3.15000000e-06
4.52000000e-06 4.21450000e-03 3.24000000e-06
4.61000000e-06 4.29886000e-03 3.32000000e-06
4.70000000e-06 4.38491000e-03 3.41000000e-06
4.80000000e-06 4.47267000e-03 3.50000000e-06
4.89000000e-06 4.56220000e-03 3.60000000e-06
4.99000000e-06 4.65351000e-03 3.69000000e-06
5.09000000e-06 4.74666000e-03 3.79000000e-06
5.19000000e-06 4.84167000e-03 3.89000000e-06
5.30000000e-06 4.93858000e-03 4.00000000e-06
5.40000000e-06 5.03743000e-03 4.11000000e-06
5.51000000e-06 5.13827000e-03 4.22000000e-06
5.62000000e-06 5.24112000e-03 4.33000000e-06
5.73000000e-06 5.34603000e-03 4.45000000e-06
5.85000000e-06 5.45304000e-03 4.57000000e-06
5.96000000e-06 5.56219000e-03 4.69000000e-06
6.08000000e-06 5.67353000e-03 4.81000000e-06
6.20000000e-06 5.78710000e-03 4.94000000e-06
6.33000000e-06 5.90294000e-03 5.07000000e-06
6.45000000e-06 6.02110000e-03 5.21000000e-06
6.58000000e-06 6.14163000e-03 5.35000000e-06
6.72000000e-06 6.26457000e-03 5.49000000e-06
6.85000000e-06 6.38997000e-03 5.64000000e-06
6.99000000e-06 6.51788000e-03 5.53000000e-06
7.13000000e-06 6.64835000e-03 5.68000000e-06
7.27000000e-06 6.78144000e-03 5.83000000e-06
7.41000000e-06 6.91718000e-03 5.98000000e-06
7.56000000e-06 7.05565000e-03 6.14000000e-06
7.71000000e-06 7.19688000e-03 6.31000000e-06
7.87000000e-06 7.34095000e-03 6.48000000e-06
8.03000000e-06 7.48790000e-03 6.65000000e-06
8.19000000e-06 7.63779000e-03 6.83000000e-06
8.35000000e-06 7.79069000e-03 7.01000000e-06
8.52000000e-06 7.94664000e-03 7.20000000e-06
8.69000000e-06 8.10572000e-03 7.39000000e-06
8.86000000e-06 8.26799000e-03 7.59000000e-06
9.04000000e-06 8.43350000e-03 7.80000000e-06
9.22000000e-06 8.60233000e-03 8.00000000e-06
9.40000000e-06 8.77454000e-03 8.22000000e-06
9.59000000e-06 8.95019000e-03 8.44000000e-06
9.78000000e-06 9.12937000e-03 8.67000000e-06
9.98000000e-06 9.31213000e-03 8.90000000e-06
1.02000000e-05 9.49855000e-03 9.14000000e-06
1.04000000e-05 9.68871000e-03 9.38000000e-06
1.06000000e-05 9.88268000e-03 9.63000000e-06
1.08000000e-05 1.00805000e-02 9.89000000e-06
1.10000000e-05 1.02823000e-02 1.02000000e-05
1.12000000e-05 1.04882000e-02 1.04000000e-05
1.15000000e-05 1.06982000e-02 1.07000000e-05
1.17000000e-05 1.09123000e-02 1.10000000e-05
1.19000000e-05 1.11308000e-02 1.13000000e-05
1.22000000e-05 1.13537000e-02 1.16000000e-05
1.24000000e-05 1.15810000e-02 1.19000000e-05
1.27000000e-05 1.18128000e-02 1.22000000e-05
1.29000000e-05 1.20493000e-02 1.25000000e-05
1.32000000e-05 1.22906000e-02 1.29000000e-05
1.34000000e-05 1.25366000e-02 1.32000000e-05
1.37000000e-05 1.27876000e-02 1.36000000e-05
1.40000000e-05 1.30437000e-02 1.39000000e-05
1.43000000e-05 1.33048000e-02 1.43000000e-05
1.45000000e-05 1.35712000e-02 1.47000000e-05
1.48000000e-05 1.38429000e-02 1.51000000e-05
1.51000000e-05 1.41201000e-02 1.55000000e-05
1.54000000e-05 1.44028000e-02 1.59000000e-05
1.57000000e-05 1.46912000e-02 1.63000000e-05
1.61000000e-05 1.49854000e-02 1.68000000e-05
1.64000000e-05 1.52854000e-02 1.72000000e-05
1.67000000e-05 1.55915000e-02 1.77000000e-05
1.70000000e-05 1.59036000e-02 1.73000000e-05
1.74000000e-05 1.62221000e-02 1.77000000e-05
1.77000000e-05 1.65469000e-02 1.82000000e-05
1.81000000e-05 1.68782000e-02 1.87000000e-05
1.84000000e-05 1.72161000e-02 1.92000000e-05
1.88000000e-05 1.75608000e-02 1.97000000e-05
1.92000000e-05 1.79124000e-02 2.02000000e-05
1.96000000e-05 1.82711000e-02 2.08000000e-05
2.00000000e-05 1.86369000e-02 2.13000000e-05
2.04000000e-05 1.90101000e-02 2.19000000e-05
2.08000000e-05 1.93908000e-02 2.25000000e-05
2.12000000e-05 1.97790000e-02 2.31000000e-05
2.16000000e-05 2.01751000e-02 2.37000000e-05
2.20000000e-05 2.05791000e-02 2.43000000e-05
2.25000000e-05 2.09911000e-02 2.50000000e-05
2.29000000e-05 2.14115000e-02 2.57000000e-05
2.34000000e-05 2.18402000e-02 2.63000000e-05
2.38000000e-05 2.22776000e-02 2.71000000e-05
2.43000000e-05 2.27237000e-02 2.78000000e-05
2.48000000e-05 2.31787000e-02 2.85000000e-05
2.53000000e-05 2.36428000e-02 2.93000000e-05
2.58000000e-05 2.41163000e-02 3.01000000e-05
2.63000000e-05 2.45992000e-02 3.09000000e-05
2.69000000e-05 2.50918000e-02 3.17000000e-05
2.74000000e-05 2.55943000e-02 3.25000000e-05
2.79000000e-05 2.61069000e-02 3.34000000e-05
2.85000000e-05 2.66297000e-02 3.43000000e-05
2.91000000e-05 2.71630000e-02 3.52000000e-05
2.97000000e-05 2.77069000e-02 3.62000000e-05
3.02000000e-05 2.82618000e-02 3.71000000e-05
3.09000000e-05 2.88278000e-02 3.81000000e-05
3.15000000e-05 2.94051000e-02 3.92000000e-05
3.21000000e-05 2.99940000e-02 4.02000000e-05
3.27000000e-05 3.05947000e-02 4.13000000e-05
3.34000000e-05 3.12074000e-02 4.24000000e-05
3.41000000e-05 3.18325000e-02 4.35000000e-05
3.47000000e-05 3.24700000e-02 4.47000000e-05
3.54000000e-05 3.31203000e-02 4.59000000e-05
3.61000000e-05 3.37836000e-02 4.71000000e-05
3.69000000e-05 3.44602000e-02 4.57000000e-05
3.76000000e-05 3.51503000e-02 4.70000000e-05
3.84000000e-05 3.58543000e-02 4.82000000e-05
3.91000000e-05 3.65724000e-02 4.95000000e-05
3.99000000e-05 3.73048000e-02 5.08000000e-05
4.07000000e-05 3.80519000e-02 5.22000000e-05
4.15000000e-05 3.88140000e-02 5.36000000e-05
4.24000000e-05 3.95914000e-02 5.50000000e-05
4.32000000e-05 4.03843000e-02 5.65000000e-05
4.41000000e-05 4.11932000e-02 5.80000000e-05
4.49000000e-05 4.20182000e-02 5.96000000e-05
4.58000000e-05 4.28598000e-02 6.12000000e-05
4.68000000e-05 4.37182000e-02 6.28000000e-05
4.77000000e-05 4.45939000e-02 6.45000000e-05
4.87000000e-05 4.54870000e-02 6.62000000e-05
4.96000000e-05 4.63981000e-02 6.80000000e-05
5.06000000e-05 4.73275000e-02 6.98000000e-05
5.16000000e-05 4.82754000e-02 7.17000000e-05
5.27000000e-05 4.92424000e-02 7.36000000e-05
5.37000000e-05 5.02287000e-02 7.55000000e-05
5.48000000e-05 5.12348000e-02 7.76000000e-05
5.59000000e-05 5.22611000e-02 7.96000000e-05
5.70000000e-05 5.33079000e-02 8.18000000e-05
5.81000000e-05 5.43758000e-02 8.40000000e-05
5.93000000e-05 5.54650000e-02 8.62000000e-05
6.05000000e-05 5.65760000e-02 8.56000000e-05
6.17000000e-05 5.77093000e-02 8.79000000e-05
6.29000000e-05 5.88652000e-02 9.02000000e-05
6.42000000e-05 6.00443000e-02 9.26000000e-05
6.55000000e-05 6.12471000e-02 9.51000000e-05
6.68000000e-05 6.24740000e-02 9.77000000e-05
6.81000000e-05 6.37254000e-02 1.00285000e-04
6.95000000e-05 6.50020000e-02 1.02969000e-04
7.09000000e-05 6.63041000e-02 1.05726000e-04
7.23000000e-05 6.76323000e-02 1.08556000e-04
7.37000000e-05 6.89872000e-02 1.11461000e-04
7.52000000e-05 7.03692000e-02 1.14445000e-04
7.67000000e-05 7.17789000e-02 1.17508000e-04
7.83000000e-05 7.32168000e-02 1.20653000e-04
7.98000000e-05 7.46836000e-02 1.23883000e-04
8.14000000e-05 7.61797000e-02 1.20091000e-04
8.30000000e-05 7.77057000e-02 1.23306000e-04
8.47000000e-05 7.92623000e-02 1.26606000e-04
8.64000000e-05 8.08502000e-02 1.29995000e-04
8.81000000e-05 8.24698000e-02 1.33475000e-04
8.99000000e-05 8.41219000e-02 1.37047000e-04
9.17000000e-05 8.58071000e-02 1.40715000e-04
9.35000000e-05 8.75261000e-02 1.44482000e-04
9.54000000e-05 8.92796000e-02 1.48349000e-04
9.73000000e-05 9.10682000e-02 1.52320000e-04
9.92000000e-05 9.28926000e-02 1.56396000e-04
1.01228000e-04 9.47536000e-02 1.60582000e-04
1.03252000e-04 9.66520000e-02 1.64880000e-04
1.05317000e-04 9.85883000e-02 1.69294000e-04
1.07424000e-04 1.00564000e-01 1.73825000e-04
1.09572000e-04 1.02578000e-01 1.78477000e-04
1.11764000e-04 1.04634000e-01 1.83254000e-04
1.13999000e-04 1.06730000e-01 1.88159000e-04
1.16279000e-04 1.08868000e-01 1.93195000e-04
1.18605000e-04 1.11050000e-01 1.98365000e-04
1.20977000e-04 1.13275000e-01 2.03674000e-04
1.23396000e-04 1.15544000e-01 2.00620000e-04
1.25864000e-04 1.17859000e-01 2.05989000e-04
1.28381000e-04 1.20220000e-01 2.11502000e-04
1.30949000e-04 1.22629000e-01 2.17163000e-04
1.33568000e-04 1.25086000e-01 2.22975000e-04
1.36239000e-04 1.27592000e-01 2.28943000e-04
1.38964000e-04 1.30149000e-01 2.35070000e-04
1.41743000e-04 1.32757000e-01 2.41361000e-04
1.44578000e-04 1.35417000e-01 2.47821000e-04
1.47470000e-04 1.38130000e-01 2.54454000e-04
1.50419000e-04 1.40898000e-01 2.61264000e-04
1.53428000e-04 1.43721000e-01 2.62500000e-04
1.56496000e-04 1.46601000e-01 2.69526000e-04
1.59626000e-04 1.49538000e-01 2.76739000e-04
1.62819000e-04 1.52534000e-01 2.84146000e-04
1.66075000e-04 1.55591000e-01 2.91750000e-04
1.69396000e-04 1.58709000e-01 2.99558000e-04
1.72784000e-04 1.61889000e-01 3.00646000e-04
1.76240000e-04 1.65133000e-01 3.08693000e-04
1.79765000e-04 1.68442000e-01 3.16954000e-04
1.83360000e-04 1.71817000e-01 3.18340000e-04
1.87027000e-04 1.75260000e-01 3.26860000e-04
1.90768000e-04 1.78771000e-01 3.35607000e-04
1.94583000e-04 1.82354000e-01 3.44589000e-04
1.98475000e-04 1.86008000e-01 3.53811000e-04
2.02444000e-04 1.89735000e-01 3.63280000e-04
2.06493000e-04 1.93537000e-01 3.73002000e-04
2.10623000e-04 1.97415000e-01 3.82984000e-04
2.14836000e-04 2.01371000e-01 3.93234000e-04
2.19132000e-04 2.05407000e-01 4.03757000e-04
2.23515000e-04 2.09523000e-01 4.14562000e-04
2.27985000e-04 2.13722000e-01 4.25657000e-04
2.32545000e-04 2.18005000e-01 4.27672000e-04
2.37196000e-04 2.22374000e-01 4.39117000e-04
2.41940000e-04 2.26830000e-01 4.50868000e-04
2.46779000e-04 2.31376000e-01 4.62934000e-04
2.51714000e-04 2.36013000e-01 4.75323000e-04
2.56749000e-04 2.40742000e-01 4.77739000e-04
2.61884000e-04 2.45567000e-01 4.90524000e-04
6.32886000e-04 5.94289447e-01 8.88599259e-04
9.65772000e-04 9.07320581e-01 1.05211285e-03
1.29866000e-03 1.22043651e+00 1.26152933e-03
1.63154000e-03 1.53360681e+00 1.49135166e-03
1.96443000e-03 1.84683726e+00 1.73305984e-03
2.29732000e-03 2.16011027e+00 1.98179521e-03
2.63020000e-03 2.47341115e+00 2.22365342e-03
2.96309000e-03 2.78675059e+00 2.46607949e-03
3.29597000e-03 3.10011028e+00 2.72495133e-03
3.62886000e-03 3.41350530e+00 2.96693112e-03
3.96174000e-03 3.72691182e+00 3.18259582e-03
4.29463000e-03 4.04034496e+00 3.43512423e-03
4.62752000e-03 4.35380219e+00 3.66671570e-03
4.96040000e-03 4.66726020e+00 3.84363833e-03
5.29329000e-03 4.98074240e+00 4.08224334e-03
5.62617000e-03 5.29423160e+00 4.32656141e-03
5.95906000e-03 5.60774362e+00 4.53360520e-03
6.29195000e-03 5.92126606e+00 4.69757146e-03
6.62483000e-03 6.23478651e+00 4.87817049e-03
6.95772000e-03 6.54832776e+00 5.01716939e-03
7.29060000e-03 6.86186169e+00 5.18938243e-03
7.62349000e-03 7.17541938e+00 5.49942742e-03
7.95638000e-03 7.48899041e+00 5.60994785e-03
8.28926000e-03 7.80254781e+00 5.67636079e-03
8.62215000e-03 8.11612464e+00 5.91810677e-03
8.95503000e-03 8.42970108e+00 6.14299334e-03
9.28792000e-03 8.74329495e+00 6.34895527e-03
9.62081000e-03 9.05689584e+00 6.39524057e-03
9.95369000e-03 9.37048340e+00 6.54762247e-03
1.02866000e-02 9.68411384e+00 6.67486800e-03
1.06195000e-02 9.99772828e+00 6.77625238e-03
1.09523000e-02 1.03112619e+01 7.20762357e-03
1.12852000e-02 1.06249029e+01 7.26872647e-03
1.16181000e-02 1.09385341e+01 7.29842132e-03
1.19510000e-02 1.12521772e+01 7.72266512e-03
1.22839000e-02 1.15658323e+01 7.70562147e-03
1.26168000e-02 1.18794742e+01 7.88984709e-03
1.29497000e-02 1.21931397e+01 8.31169434e-03
1.32826000e-02 1.25068032e+01 8.21578991e-03
1.36154000e-02 1.28203696e+01 8.35417382e-03
1.39483000e-02 1.31340401e+01 8.76637457e-03
1.42812000e-02 1.34477206e+01 9.18981707e-03
1.46141000e-02 1.37614111e+01 9.30247168e-03
1.49470000e-02 1.40750966e+01 9.39555220e-03
1.52799000e-02 1.43887915e+01 9.46805991e-03
1.56128000e-02 1.47024801e+01 9.88659628e-03
1.59456000e-02 1.50160991e+01 1.03125707e-02
1.62785000e-02 1.53298053e+01 1.03480454e-02
1.66114000e-02 1.56435202e+01 1.07756141e-02
1.69443000e-02 1.59572437e+01 1.12118382e-02
1.72772000e-02 1.62709759e+01 1.16567177e-02
1.76101000e-02 1.65847167e+01 1.16444736e-02
1.79430000e-02 1.68984483e+01 1.20907034e-02
1.82758000e-02 1.72121119e+01 1.25433703e-02
1.86087000e-02 1.75258597e+01 1.30025426e-02
1.89416000e-02 1.78396345e+01 1.34719214e-02
1.92745000e-02 1.81533987e+01 1.33916377e-02
1.96074000e-02 1.84671709e+01 1.44356464e-02
1.99403000e-02 1.87809710e+01 1.49299926e-02
2.02732000e-02 1.90947594e+01 1.54349797e-02
2.06060000e-02 1.94084823e+01 1.59458929e-02
2.09389000e-02 1.97222871e+01 1.58042968e-02
2.12718000e-02 2.00360999e+01 1.69904429e-02
2.16047000e-02 2.03499422e+01 1.75263991e-02
2.19376000e-02 2.06637713e+01 1.73478508e-02
2.22705000e-02 2.09776084e+01 1.86232791e-02
2.26034000e-02 2.12914761e+01 1.91870847e-02
2.29362000e-02 2.16052353e+01 1.97562442e-02
2.32691000e-02 2.19191199e+01 2.11440769e-02
2.36020000e-02 2.22330132e+01 2.17534012e-02
2.39349000e-02 2.25469151e+01 2.15109432e-02
2.42678000e-02 2.28608015e+01 2.21134769e-02
2.46007000e-02 2.31747204e+01 2.36333065e-02
2.49336000e-02 2.34886480e+01 2.52147800e-02
2.52664000e-02 2.38025153e+01 2.58923782e-02
2.55993000e-02 2.41164605e+01 2.65751762e-02
2.59322000e-02 2.44304404e+01 2.72708515e-02
2.62651000e-02 2.47444032e+01 2.79755150e-02
2.65980000e-02 2.50584014e+01 2.97517286e-02
2.69309000e-02 2.53724088e+01 3.05011332e-02
2.72638000e-02 2.56864256e+01 3.12645548e-02
2.75966000e-02 2.60003575e+01 3.20324850e-02
2.79295000e-02 2.63143929e+01 3.39766478e-02
2.82624000e-02 2.66284659e+01 3.47914304e-02
2.85953000e-02 2.69425203e+01 3.56158670e-02
2.89282000e-02 2.72566129e+01 3.77068529e-02
2.92611000e-02 2.75707155e+01 3.85796924e-02
2.95940000e-02 2.78848281e+01 3.94684469e-02
2.99268000e-02 2.81988565e+01 4.17064956e-02
3.02597000e-02 2.85130193e+01 4.26331222e-02
3.05926000e-02 2.88271622e+01 4.35763329e-02
3.09255000e-02 2.91413461e+01 4.59663106e-02
3.12584000e-02 2.94555405e+01 4.69612530e-02
3.15913000e-02 2.97697456e+01 4.79668482e-02
3.19242000e-02 3.00839614e+01 5.05214060e-02
3.22570000e-02 3.03981259e+01 5.15802368e-02
3.25899000e-02 3.07123633e+01 5.26424635e-02
3.29228000e-02 3.10266443e+01 5.53514056e-02
3.32557000e-02 3.13409366e+01 5.64764401e-02
3.35886000e-02 3.16552402e+01 5.76127932e-02
3.39215000e-02 3.19695551e+01 6.04887138e-02
3.42544000e-02 3.22839156e+01 6.16910578e-02
3.45872000e-02 3.25981593e+01 6.28956048e-02
3.49201000e-02 3.29125435e+01 6.59340370e-02
3.52530000e-02 3.32269396e+01 6.71971528e-02
3.55859000e-02 3.35413477e+01 7.03742600e-02
3.59188000e-02 3.38558037e+01 7.16970970e-02
3.62517000e-02 3.41702361e+01 7.30322512e-02
3.65846000e-02 3.44847171e+01 7.64014607e-02
3.69174000e-02 3.47991165e+01 7.77977889e-02
3.72503000e-02 3.51136228e+01 8.12793769e-02
3.75832000e-02 3.54281793e+01 8.27386302e-02
3.79161000e-02 3.57427112e+01 8.42108665e-02
3.82490000e-02 3.60572941e+01 8.78934215e-02
3.85819000e-02 3.63718902e+01 8.94300395e-02
3.89148000e-02 3.66864996e+01 9.09799735e-02
3.92477000e-02 3.70011224e+01 9.48710533e-02
3.95805000e-02 3.73157038e+01 9.88401249e-02
3.99134000e-02 3.76303934e+01 9.81019217e-02
4.02463000e-02 3.79450568e+01 1.02178005e-01
4.05792000e-02 3.82598147e+01 1.06348563e-01
4.09121000e-02 3.85745463e+01 1.05586658e-01
4.13801859e-02 3.89948194e+01 1.09445588e-01
5.77147530e-02 5.44626961e+01 3.15413993e-01
7.05454207e-02 6.66662052e+01 5.80244482e-01
8.17949548e-02 7.74124329e+01 8.94331010e-01
9.21019447e-02 8.73008385e+01 1.25266577e+00
1.01762477e-01 9.66088774e+01 1.65204420e+00
1.10938686e-01 1.05488094e+02 2.09016525e+00
1.20096602e-01 1.14387467e+02 2.56589049e+00
1.29134654e-01 1.23207516e+02 3.07915268e+00
1.37959671e-01 1.31855999e+02 3.62920972e+00
1.46549615e-01 1.40309478e+02 4.21513019e+00
1.54898200e-01 1.48559809e+02 4.83592977e+00
1.63006032e-01 1.56605610e+02 5.49061403e+00
1.70877723e-01 1.64449495e+02 6.17819990e+00
1.78520534e-01 1.72096784e+02 6.89772911e+00
1.85943540e-01 1.79554711e+02 7.64827727e+00
1.93157054e-01 1.86831867e+02 8.42896009e+00
2.00172058e-01 1.93937653e+02 9.23893724e+00
2.06999879e-01 2.00881954e+02 1.00774145e+01
2.13651870e-01 2.07674824e+02 1.09436444e+01
2.20139194e-01 2.14326256e+02 1.18369258e+01
2.26472662e-01 2.20846026e+02 1.27566032e+01
2.32662625e-01 2.27243564e+02 1.37020643e+01
2.38718924e-01 2.33527899e+02 1.46727386e+01
2.44650820e-01 2.39707585e+02 1.56680950e+01
2.50467062e-01 2.45790740e+02 1.66876394e+01
2.56175842e-01 2.51784999e+02 1.77309124e+01
2.61784729e-01 2.57697473e+02 1.87974872e+01
2.67300809e-01 2.63534842e+02 1.98869673e+01
2.72730705e-01 2.69303369e+02 2.09989842e+01
2.78080555e-01 2.75008892e+02 2.21331959e+01
2.83356063e-01 2.80656858e+02 2.32892845e+01
2.88562159e-01 2.86252110e+02 2.44669550e+01
2.93704895e-01 2.91800131e+02 2.56659334e+01
2.98787732e-01 2.97304624e+02 2.68859651e+01
3.03815309e-01 3.02769978e+02 2.81268139e+01
3.08791597e-01 3.08200072e+02 2.93882606e+01
3.13720295e-01 3.13598535e+02 3.06701015e+01
3.18604789e-01 3.18968701e+02 3.19721480e+01
3.23448443e-01 3.24313905e+02 3.32942249e+01
3.28254180e-01 3.29637063e+02 3.46361701e+01
3.33024821e-01 3.34940994e+02 3.59978331e+01
3.37762999e-01 3.40228347e+02 3.73790750e+01
3.42471183e-01 3.45501619e+02 3.87797673e+01
3.47151688e-01 3.50763166e+02 4.01997912e+01
3.51806687e-01 3.56015212e+02 4.16390373e+01
3.56438223e-01 3.61259861e+02 4.30974047e+01
3.61048219e-01 3.66499103e+02 4.45748009e+01
3.65638485e-01 3.71734827e+02 4.60711409e+01
3.70210727e-01 3.76968823e+02 4.75863470e+01
3.74766557e-01 3.82202793e+02 4.91203483e+01
3.79307495e-01 3.87438357e+02 5.06730805e+01
3.83834981e-01 3.92677055e+02 5.22444851e+01
3.88350374e-01 3.97920358e+02 5.38345095e+01
3.92854966e-01 4.03169669e+02 5.54431068e+01
3.97349978e-01 4.08426328e+02 5.70702349e+01
4.01836570e-01 4.13691619e+02 5.87158568e+01
4.06315846e-01 4.18966770e+02 6.03799400e+01
4.10788852e-01 4.24252959e+02 6.20624567e+01
4.15256585e-01 4.29551316e+02 6.37633832e+01
4.19719996e-01 4.34862928e+02 6.54826995e+01
4.24179987e-01 4.40188839e+02 6.72203899e+01
4.28637424e-01 4.45530056e+02 6.89764421e+01
4.33093129e-01 4.50887548e+02 7.07508471e+01
4.37547889e-01 4.56262250e+02 7.25435996e+01
4.42002457e-01 4.61655066e+02 7.43546972e+01
4.46457554e-01 4.67066869e+02 7.61841406e+01
4.50913867e-01 4.72498502e+02 7.80319334e+01
4.55372059e-01 4.77950785e+02 7.98980820e+01
4.59832763e-01 4.83424510e+02 8.17825954e+01
4.64296585e-01 4.88920447e+02 8.36854853e+01
4.68764112e-01 4.94439341e+02 8.56067656e+01
4.73235902e-01 4.99981919e+02 8.75464529e+01
4.77712496e-01 5.05548886e+02 8.95045658e+01
4.82194412e-01 5.11140930e+02 9.14811251e+01
4.86682151e-01 5.16758721e+02 9.34761538e+01
4.91176193e-01 5.22402910e+02 9.54896769e+01
4.95677003e-01 5.28074135e+02 9.75217213e+01
5.00185029e-01 5.33773017e+02 9.95723158e+01
5.04700703e-01 5.39500164e+02 1.01641491e+02
5.09224442e-01 5.45256169e+02 1.03729279e+02
5.13756649e-01 5.51041615e+02 1.05835715e+02
5.18297716e-01 5.56857071e+02 1.07960833e+02
5.22848018e-01 5.62703094e+02 1.10104671e+02
5.27407922e-01 5.68580232e+02 1.12267268e+02
5.31977781e-01 5.74489020e+02 1.14448665e+02
5.36557938e-01 5.80429987e+02 1.16648902e+02
5.41148726e-01 5.86403649e+02 1.18868023e+02
5.45750468e-01 5.92410515e+02 1.21106072e+02
5.50363477e-01 5.98451085e+02 1.23363096e+02
5.54988056e-01 6.04525852e+02 1.25639141e+02
5.59624501e-01 6.10635301e+02 1.27934255e+02
5.64273101e-01 6.16779909e+02 1.30248488e+02
5.68934133e-01 6.22960147e+02 1.32581891e+02
5.73607871e-01 6.29176478e+02 1.34934515e+02
5.78294579e-01 6.35429362e+02 1.37306413e+02
5.82994514e-01 6.41719249e+02 1.39697639e+02
5.87707929e-01 6.48046586e+02 1.42108248e+02
5.92435068e-01 6.54411815e+02 1.44538297e+02
5.97176171e-01 6.60815371e+02 1.46987841e+02
6.01931470e-01 6.67257684e+02 1.49456940e+02
6.06701193e-01 6.73739182e+02 1.51945652e+02
6.11485563e-01 6.80260286e+02 1.54454037e+02
6.16284797e-01 6.86821415e+02 1.56982155e+02
6.21099107e-01 6.93422981e+02 1.59530069e+02
6.25928701e-01 7.00065395e+02 1.62097841e+02
6.30773783e-01 7.06749063e+02 1.64685533e+02
6.35634551e-01 7.13474388e+02 1.67293212e+02
6.40511201e-01 7.20241768e+02 1.69920940e+02
6.45403922e-01 7.27051602e+02 1.72568785e+02
6.50312902e-01 7.33904281e+02 1.75236813e+02
6.55238324e-01 7.40800196e+02 1.77925091e+02
6.60180368e-01 7.47739736e+02 1.80633687e+02
6.65139209e-01 7.54723284e+02 1.83362670e+02
6.70115022e-01 7.61751225e+02 1.86112110e+02
6.75107975e-01 7.68823937e+02 1.88882076e+02
6.80118235e-01 7.75941799e+02 1.91672640e+02
6.85145967e-01 7.83105188e+02 1.94483874e+02
6.90191331e-01 7.90314476e+02 1.97315849e+02
6.95254485e-01 7.97570036e+02 2.00168639e+02
7.00335585e-01 8.04872238e+02 2.03042317e+02
7.05434784e-01 8.12221450e+02 2.05936957e+02
7.10552232e-01 8.19618039e+02 2.08852635e+02
7.15688078e-01 8.27062370e+02 2.11789425e+02
7.20842468e-01 8.34554806e+02 2.14747404e+02
7.26015545e-01 8.42095711e+02 2.17726648e+02
7.31207451e-01 8.49685444e+02 2.20727235e+02
7.36418325e-01 8.57324365e+02 2.23749243e+02
7.41648304e-01 8.65012833e+02 2.26792749e+02
7.46897526e-01 8.72751205e+02 2.29857834e+02
7.52166122e-01 8.80539837e+02 2.32944576e+02
7.57454225e-01 8.88379083e+02 2.36053055e+02
7.62761965e-01 8.96269299e+02 2.39183352e+02
7.68089471e-01 9.04210837e+02 2.42335548e+02
7.73436869e-01 9.12204051e+02 2.45509726e+02
7.78804285e-01 9.20249290e+02 2.48705966e+02
7.84191842e-01 9.28346907e+02 2.51924352e+02
7.89599663e-01 9.36497251e+02 2.55164967e+02
7.95027868e-01 9.44700672e+02 2.58427894e+02
8.00476577e-01 9.52957518e+02 2.61713218e+02
8.05945908e-01 9.61268138e+02 2.65021024e+02
8.11435978e-01 9.69632880e+02 2.68351397e+02
8.16946902e-01 9.78052091e+02 2.71704421e+02
8.22478794e-01 9.86526118e+02 2.75080185e+02
8.28031767e-01 9.95055307e+02 2.78478773e+02
8.33605934e-01 1.00364000e+03 2.81900273e+02
8.39201405e-01 1.01228055e+03 2.85344773e+02
8.44818290e-01 1.02097730e+03 2.88812360e+02
8.50456697e-01 1.02973060e+03 2.92303123e+02
8.56116735e-01 1.03854078e+03 2.95817151e+02
8.61798509e-01 1.04740819e+03 2.99354533e+02
8.67502125e-01 1.05633319e+03 3.02915359e+02
8.73227689e-01 1.06531610e+03 3.06499719e+02
8.78975304e-01 1.07435729e+03 3.10107704e+02
8.84745072e-01 1.08345708e+03 3.13739404e+02
8.90537096e-01 1.09261582e+03 3.17394911e+02
8.96351478e-01 1.10183386e+03 3.21074317e+02
9.02188317e-01 1.11111155e+03 3.24777714e+02
9.08047713e-01 1.12044922e+03 3.28505196e+02
9.13929765e-01 1.12984722e+03 3.32256854e+02
9.19834571e-01 1.13930589e+03 3.36032783e+02
9.25762229e-01 1.14882557e+03 3.39833076e+02
9.31712835e-01 1.15840662e+03 3.43657827e+02
9.37686485e-01 1.16804937e+03 3.47507133e+02
9.43683274e-01 1.17775417e+03 3.51381086e+02
9.49703697e-01 1.18752192e+03 3.55279784e+02
9.55747048e-01 1.19735185e+03 3.59203322e+02
9.61813821e-01 1.20724486e+03 3.63151795e+02
9.67904108e-01 1.21720130e+03 3.67125302e+02
9.74018001e-01 1.22722150e+03 3.71123938e+02
9.80155592e-01 1.23730583e+03 3.75147802e+02
9.86316973e-01 1.24745461e+03 3.79196990e+02
9.92502233e-01 1.25766820e+03 3.83271602e+02
9.98711464e-01 1.26794694e+03 3.87371736e+02
1.00494475e+00 1.27829118e+03 3.91497490e+02
1.01120219e+00 1.28870126e+03 3.95648963e+02
1.01748387e+00 1.29917753e+03 3.99826257e+02
1.02378986e+00 1.30972034e+03 4.04029469e+02
1.03012028e+00 1.32033004e+03 4.08258702e+02
1.03647519e+00 1.33100696e+03 4.12514055e+02
1.04285468e+00 1.34175147e+03 4.16795630e+02
1.04925885e+00 1.35256390e+03 4.21103528e+02
1.05568778e+00 1.36344461e+03 4.25437851e+02
1.06214155e+00 1.37439395e+03 4.29798700e+02
1.06862025e+00 1.38541226e+03 4.34186179e+02
1.07512397e+00 1.39649989e+03 4.38600391e+02
1.08165278e+00 1.40765720e+03 4.43041437e+02
1.08820677e+00 1.41888453e+03 4.47509423e+02
1.09478603e+00 1.43018223e+03 4.52004452e+02
1.10139063e+00 1.44155066e+03 4.56526628e+02
1.10802067e+00 1.45299017e+03 4.61076055e+02
1.11467621e+00 1.46450111e+03 4.65652839e+02
1.12135736e+00 1.47608383e+03 4.70257085e+02
1.12806418e+00 1.48773869e+03 4.74888898e+02
1.13479676e+00 1.49946603e+03 4.79548385e+02
1.14155518e+00 1.51126622e+03 4.84235651e+02
1.14833952e+00 1.52313960e+03 4.88950803e+02
1.15514986e+00 1.53508653e+03 4.93693948e+02
1.16198628e+00 1.54710738e+03 4.98465194e+02
1.16884886e+00 1.55920248e+03 5.03264647e+02
1.17573769e+00 1.57137220e+03 5.08092416e+02
1.18265283e+00 1.58361690e+03 5.12948609e+02
1.18959438e+00 1.59593693e+03 5.17833334e+02
1.19656240e+00 1.60833266e+03 5.22746701e+02
1.20355698e+00 1.62080443e+03 5.27688819e+02
1.21057820e+00 1.63335261e+03 5.32659796e+02
1.21762613e+00 1.64597756e+03 5.37659744e+02
1.22470085e+00 1.65867964e+03 5.42688772e+02
1.23180244e+00 1.67145920e+03 5.47746990e+02
1.23893098e+00 1.68431662e+03 5.52834510e+02
1.24608655e+00 1.69725224e+03 5.57951443e+02
1.25326922e+00 1.71026644e+03 5.63097900e+02
1.26047906e+00 1.72335958e+03 5.68273992e+02
1.26771616e+00 1.73653201e+03 5.73479833e+02
1.27498059e+00 1.74978411e+03 5.78715534e+02
1.28227243e+00 1.76311624e+03 5.83981207e+02
1.28959175e+00 1.77652876e+03 5.89276967e+02
1.29693863e+00 1.79002203e+03 5.94602927e+02
1.30431315e+00 1.80359644e+03 5.99959199e+02
1.31171538e+00 1.81725233e+03 6.05345899e+02
1.31914539e+00 1.83099008e+03 6.10763140e+02
1.32660327e+00 1.84481007e+03 6.16211036e+02
1.33408908e+00 1.85871264e+03 6.21689704e+02
1.34160290e+00 1.87269819e+03 6.27199257e+02
1.34914481e+00 1.88676706e+03 6.32739812e+02
1.35671488e+00 1.90091965e+03 6.38311484e+02
1.36431318e+00 1.91515631e+03 6.43914390e+02
1.37193979e+00 1.92947742e+03 6.49548646e+02
1.37959479e+00 1.94388335e+03 6.55214368e+02
1.38727824e+00 1.95837447e+03 6.60911674e+02
1.39499022e+00 1.97295117e+03 6.66640680e+02
1.40273080e+00 1.98761380e+03 6.72401506e+02
1.41050006e+00 2.00236276e+03 6.78194268e+02
1.41829807e+00 2.01719840e+03 6.84019085e+02
1.42612491e+00 2.03212112e+03 6.89876075e+02
1.43398064e+00 2.04713128e+03 6.95765357e+02
1.44186534e+00 2.06222926e+03 7.01687051e+02
1.44977908e+00 2.07741545e+03 7.07641276e+02
1.45772194e+00 2.09269022e+03 7.13628151e+02
1.46569399e+00 2.10805395e+03 7.19647797e+02
1.47369529e+00 2.12350702e+03 7.25700334e+02
1.48172593e+00 2.13904981e+03 7.31785882e+02
1.48978597e+00 2.15468270e+03 7.37904563e+02
1.49787549e+00 2.17040608e+03 7.44056498e+02
1.50599455e+00 2.18622032e+03 7.50241808e+02
1.51414324e+00 2.20212582e+03 7.56460616e+02
1.52232161e+00 2.21812295e+03 7.62713042e+02
1.53052975e+00 2.23421211e+03 7.68999211e+02
1.53876773e+00 2.25039367e+03 7.75319244e+02
1.54703561e+00 2.26666802e+03 7.81673264e+02
1.55533347e+00 2.28303555e+03 7.88061395e+02
1.56366137e+00 2.29949665e+03 7.94483761e+02
1.57201940e+00 2.31605170e+03 8.00940485e+02
1.58040761e+00 2.33270110e+03 8.07431691e+02
1.58882609e+00 2.34944523e+03 8.13957504e+02
1.59727490e+00 2.36628449e+03 8.20518049e+02
1.60575412e+00 2.38321926e+03 8.27113451e+02
1.61426381e+00 2.40024994e+03 8.33743834e+02
1.62280404e+00 2.41737693e+03 8.40409326e+02
1.63137488e+00 2.43460060e+03 8.47110051e+02
1.63997642e+00 2.45192136e+03 8.53846137e+02
1.64860870e+00 2.46933960e+03 8.60617708e+02
1.65727182e+00 2.48685572e+03 8.67424893e+02
1.66596583e+00 2.50447011e+03 8.74267818e+02
1.67469080e+00 2.52218317e+03 8.81146611e+02
1.68344681e+00 2.53999530e+03 8.88061400e+02
1.69223393e+00 2.55790690e+03 8.95012311e+02
1.70105222e+00 2.57591835e+03 9.01999475e+02
1.70990176e+00 2.59403007e+03 9.09023018e+02
1.71878261e+00 2.61224246e+03 9.16083070e+02
1.72769485e+00 2.63055591e+03 9.23179761e+02
1.73663854e+00 2.64897083e+03 9.30313219e+02
1.74561376e+00 2.66748761e+03 9.37483573e+02
1.75462057e+00 2.68610667e+03 9.44690955e+02
1.76365904e+00 2.70482840e+03 9.51935495e+02
1.77272924e+00 2.72365322e+03 9.59217322e+02
1.78183124e+00 2.74258152e+03 9.66536568e+02
1.79096512e+00 2.76161371e+03 9.73893364e+02
1.80013093e+00 2.78075020e+03 9.81287840e+02
1.80932876e+00 2.79999140e+03 9.88720130e+02
1.81855866e+00 2.81933771e+03 9.96190365e+02
1.82782070e+00 2.83878955e+03 1.00369868e+03
1.83711496e+00 2.85834731e+03 1.01124520e+03
1.84644151e+00 2.87801143e+03 1.01883006e+03
1.85580041e+00 2.89778229e+03 1.02645340e+03
1.86519173e+00 2.91766033e+03 1.03411535e+03
1.87461553e+00 2.93764594e+03 1.04181604e+03
1.88407190e+00 2.95773954e+03 1.04955561e+03
1.89356090e+00 2.97794155e+03 1.05733418e+03
1.90308259e+00 2.99825238e+03 1.06515191e+03
1.91263704e+00 3.01867245e+03 1.07300891e+03
1.92222433e+00 3.03920218e+03 1.08090533e+03
1.93184452e+00 3.05984197e+03 1.08884130e+03
1.94149767e+00 3.08059225e+03 1.09681695e+03
1.95118387e+00 3.10145343e+03 1.10483243e+03
1.96090317e+00 3.12242595e+03 1.11288786e+03
1.97065564e+00 3.14351020e+03 1.12098339e+03
1.98044136e+00 3.16470663e+03 1.12911915e+03
1.99026038e+00 3.18601564e+03 1.13729528e+03
2.00011278e+00 3.20743766e+03 1.14551192e+03
2.00999863e+00 3.22897312e+03 1.15376919e+03
2.01991799e+00 3.25062243e+03 1.16206725e+03
2.02987094e+00 3.27238602e+03 1.17040623e+03
2.03985753e+00 3.29426432e+03 1.17878627e+03
2.04987784e+00 3.31625776e+03 1.18720750e+03
2.05993193e+00 3.33836675e+03 1.19567007e+03
2.07001988e+00 3.36059172e+03 1.20417412e+03
2.08014175e+00 3.38293312e+03 1.21271977e+03
2.09029760e+00 3.40539135e+03 1.22130719e+03
2.10048751e+00 3.42796686e+03 1.22993649e+03
2.11071155e+00 3.45066007e+03 1.23860783e+03
2.12096977e+00 3.47347142e+03 1.24732135e+03
2.13126225e+00 3.49640134e+03 1.25607718e+03
2.14158906e+00 3.51945025e+03 1.26487547e+03
2.15195026e+00 3.54261860e+03 1.27371636e+03
2.16234592e+00 3.56590681e+03 1.28259999e+03
2.17277611e+00 3.58931533e+03 1.29152651e+03
2.18324090e+00 3.61284459e+03 1.30049604e+03
2.19374034e+00 3.63649502e+03 1.30950875e+03
2.20427452e+00 3.66026706e+03 1.31856477e+03
2.21484349e+00 3.68416115e+03 1.32766424e+03
2.22544733e+00 3.70817773e+03 1.33680731e+03
2.23608609e+00 3.73231724e+03 1.34599411e+03
2.24675986e+00 3.75658011e+03 1.35522481e+03
2.25746869e+00 3.78096680e+03 1.36449953e+03
2.26821265e+00 3.80547774e+03 1.37381843e+03
2.27899181e+00 3.83011337e+03 1.38318164e+03
2.28980624e+00 3.85487413e+03 1.39258932e+03
2.30065600e+00 3.87976048e+03 1.40204161e+03
2.31154117e+00 3.90477286e+03 1.41153865e+03
2.32246179e+00 3.92991170e+03 1.42108060e+03
2.33341796e+00 3.95517746e+03 1.43066759e+03
2.34440972e+00 3.98057059e+03 1.44029977e+03
2.35543715e+00 4.00609153e+03 1.44997730e+03
2.36650032e+00 4.03174073e+03 1.45970031e+03
2.37759928e+00 4.05751865e+03 1.46946895e+03
2.38873412e+00 4.08342572e+03 1.47928338e+03
2.39990489e+00 4.10946241e+03 1.48914374e+03
2.41111166e+00 4.13562916e+03 1.49905017e+03
2.42235450e+00 4.16192642e+03 1.50900284e+03
2.43363347e+00 4.18835466e+03 1.51900187e+03
2.44494864e+00 4.21491431e+03 1.52904743e+03
2.45630009e+00 4.24160585e+03 1.53913967e+03
2.46768786e+00 4.26842972e+03 1.54927872e+03
2.47911204e+00 4.29538638e+03 1.55946475e+03
2.49057269e+00 4.32247628e+03 1.56969791e+03
2.50206987e+00 4.34969990e+03 1.57997833e+03
2.51360365e+00 4.37705767e+03 1.59030618e+03
2.52517409e+00 4.40455007e+03 1.60068160e+03
2.53678127e+00 4.43217755e+03 1.61110475e+03
2.54842525e+00 4.45994057e+03 1.62157577e+03
2.56010610e+00 4.48783960e+03 1.63209483e+03
2.57182388e+00 4.51587509e+03 1.64266206e+03
2.58357866e+00 4.54404752e+03 1.65327763e+03
2.59537050e+00 4.57235735e+03 1.66394168e+03
2.60719947e+00 4.60080503e+03 1.67465437e+03
2.61906565e+00 4.62939104e+03 1.68541585e+03
2.63096908e+00 4.65811583e+03 1.69622627e+03
2.64290985e+00 4.68697989e+03 1.70708579e+03
2.65488801e+00 4.71598368e+03 1.71799457e+03
2.66690364e+00 4.74512766e+03 1.72895275e+03
2.67895679e+00 4.77441230e+03 1.73996049e+03
2.69104754e+00 4.80383808e+03 1.75101795e+03
2.70317595e+00 4.83340546e+03 1.76212528e+03
2.71534209e+00 4.86311492e+03 1.77328263e+03
2.72754603e+00 4.89296693e+03 1.78449016e+03
2.73978782e+00 4.92296197e+03 1.79574803e+03
2.75206754e+00 4.95310050e+03 1.80705639e+03
2.76438524e+00 4.98338300e+03 1.81841540e+03
2.77674101e+00 5.01380995e+03 1.82982522e+03
2.78913490e+00 5.04438182e+03 1.84128600e+03
2.80156698e+00 5.07509909e+03 1.85279790e+03
2.81403732e+00 5.10596224e+03 1.86436107e+03
2.82654598e+00 5.13697175e+03 1.87597568e+03
2.83909302e+00 5.16812810e+03 1.88764188e+03
2.85167852e+00 5.19943176e+03 1.89935984e+03
2.86430254e+00 5.23088322e+03 1.91112970e+03
2.87696515e+00 5.26248296e+03 1.92295163e+03
2.88966640e+00 5.29423146e+03 1.93482579e+03
2.90240638e+00 5.32612921e+03 1.94675233e+03
2.91518514e+00 5.35817669e+03 1.95873143e+03
2.92800274e+00 5.39037438e+03 1.97076322e+03
2.94085926e+00 5.42272277e+03 1.98284788e+03
2.95375476e+00 5.45522235e+03 1.99498557e+03
2.96668931e+00 5.48787360e+03 2.00717645e+03
2.97966297e+00 5.52067701e+03 2.01942067e+03
2.99267581e+00 5.55363307e+03 2.03171841e+03
3.00572789e+00 5.58674227e+03 2.04406981e+03
3.01881929e+00 5.62000511e+03 2.05647505e+03
3.03195005e+00 5.65342206e+03 2.06893428e+03
3.04512026e+00 5.68699363e+03 2.08144767e+03
3.05832998e+00 5.72072030e+03 2.09401537e+03
3.07157926e+00 5.75460257e+03 2.10663756e+03
3.08486819e+00 5.78864093e+03 2.11931440e+03
3.09819682e+00 5.82283589e+03 2.13204604e+03
3.11156522e+00 5.85718792e+03 2.14483266e+03
3.12497345e+00 5.89169754e+03 2.15767441e+03
3.13842159e+00 5.92636523e+03 2.17057146e+03
3.15190969e+00 5.96119150e+03 2.18352398e+03
3.16543782e+00 5.99617685e+03 2.19653213e+03
3.17900605e+00 6.03132177e+03 2.20959607e+03
3.19261445e+00 6.06662676e+03 2.22271597e+03
3.20626307e+00 6.10209233e+03 2.23589199e+03
3.21995199e+00 6.13771898e+03 2.24912431e+03
3.23368127e+00 6.17350721e+03 2.26241309e+03
3.24745097e+00 6.20945752e+03 2.27575849e+03
3.26126116e+00 6.24557042e+03 2.28916067e+03
3.27511191e+00 6.28184641e+03 2.30261982e+03
3.28900329e+00 6.31828601e+03 2.31613609e+03
3.30293535e+00 6.35488971e+03 2.32970965e+03
3.31690816e+00 6.39165802e+03 2.34334067e+03
3.33092179e+00 6.42859145e+03 2.35702932e+03
3.34497630e+00 6.46569052e+03 2.37077577e+03
3.35907177e+00 6.50295573e+03 2.38458018e+03
3.37320825e+00 6.54038758e+03 2.39844272e+03
3.38738581e+00 6.57798660e+03 2.41236356e+03
3.40160451e+00 6.61575330e+03 2.42634287e+03
3.41586443e+00 6.65368818e+03 2.44038083e+03
3.43016562e+00 6.69179176e+03 2.45447759e+03
3.44450815e+00 6.73006456e+03 2.46863334e+03
3.45889209e+00 6.76850709e+03 2.48284824e+03
3.47331751e+00 6.80711987e+03 2.49712246e+03
3.48778446e+00 6.84590341e+03 2.51145617e+03
3.50229301e+00 6.88485823e+03 2.52584955e+03
3.51684324e+00 6.92398485e+03 2.54030276e+03
3.53143520e+00 6.96328379e+03 2.55481598e+03
3.54606895e+00 7.00275557e+03 2.56938938e+03
3.56074458e+00 7.04240071e+03 2.58402313e+03
3.57546213e+00 7.08221973e+03 2.59871740e+03
3.59022167e+00 7.12221315e+03 2.61347237e+03
3.60502328e+00 7.16238150e+03 2.62828821e+03
3.61986701e+00 7.20272529e+03 2.64316509e+03
3.63475294e+00 7.24324507e+03 2.65810319e+03
3.64968112e+00 7.28394134e+03 2.67310268e+03
3.66465162e+00 7.32481464e+03 2.68816374e+03
3.67966451e+00 7.36586550e+03 2.70328653e+03
3.69471985e+00 7.40709443e+03 2.71847124e+03
3.70981771e+00 7.44850198e+03 2.73371804e+03
3.72495815e+00 7.49008866e+03 2.74902710e+03
3.74014124e+00 7.53185501e+03 2.76439861e+03
3.75536704e+00 7.57380157e+03 2.77983272e+03
3.77063562e+00 7.61592885e+03 2.79532963e+03
3.78594704e+00 7.65823740e+03 2.81088951e+03
3.80130137e+00 7.70072775e+03 2.82651253e+03
3.81669868e+00 7.74340043e+03 2.84219887e+03
3.83213902e+00 7.78625597e+03 2.85794871e+03
3.84762247e+00 7.82929492e+03 2.87376223e+03
3.86314909e+00 7.87251780e+03 2.88963960e+03
3.87871894e+00 7.91592516e+03 2.90558100e+03
3.89433209e+00 7.95951754e+03 2.92158661e+03
3.90998860e+00 8.00329547e+03 2.93765661e+03
3.92568855e+00 8.04725948e+03 2.95379117e+03
3.94143199e+00 8.09141014e+03 2.96999048e+03
3.95721899e+00 8.13574796e+03 2.98625472e+03
3.97304961e+00 8.18027350e+03 3.00258406e+03
3.98892393e+00 8.22498730e+03 3.01897868e+03
4.00484200e+00 8.26988989e+03 3.03543877e+03
4.02080389e+00 8.31498184e+03 3.05196450e+03
4.03680966e+00 8.36026367e+03 3.06855606e+03
4.05285939e+00 8.40573594e+03 3.08521363e+03
4.06895313e+00 8.45139920e+03 3.10193738e+03
4.08509095e+00 8.49725398e+03 3.11872750e+03
4.10127292e+00 8.54330084e+03 3.13558417e+03
4.11749910e+00 8.58954033e+03 3.15250757e+03
4.13376955e+00 8.63597300e+03 3.16949789e+03
4.15008434e+00 8.68259939e+03 3.18655530e+03
4.16644354e+00 8.72942007e+03 3.20367999e+03
4.18284721e+00 8.77643557e+03 3.22087215e+03
4.19929542e+00 8.82364646e+03 3.23813195e+03
4.21578823e+00 8.87105328e+03 3.25545958e+03
4.23232570e+00 8.91865660e+03 3.27285522e+03
4.24890790e+00 8.96645697e+03 3.29031906e+03
4.26553490e+00 9.01445494e+03 3.30785129e+03
4.28220676e+00 9.06265106e+03 3.32545208e+03
4.29892355e+00 9.11104591e+03 3.34312162e+03
4.31568533e+00 9.15964003e+03 3.36086009e+03
4.33249216e+00 9.20843399e+03 3.37866769e+03
4.34934411e+00 9.25742834e+03 3.39654460e+03
4.36624125e+00 9.30662365e+03 3.41449099e+03
4.38318364e+00 9.35602048e+03 3.43250707e+03
4.40017134e+00 9.40561939e+03 3.45059302e+03
4.41720442e+00 9.45542093e+03 3.46874901e+03
4.43428295e+00 9.50542569e+03 3.48697525e+03
4.45140699e+00 9.55563422e+03 3.50527192e+03
4.46857661e+00 9.60604708e+03 3.52363919e+03
4.48579186e+00 9.65666485e+03 3.54207728e+03
4.50305282e+00 9.70748809e+03 3.56058635e+03
4.52035955e+00 9.75851736e+03 3.57916660e+03
4.53771211e+00 9.80975324e+03 3.59781822e+03
4.55511058e+00 9.86119630e+03 3.61654139e+03
4.57255500e+00 9.91284710e+03 3.63533631e+03
4.59004546e+00 9.96470623e+03 3.65420317e+03
4.60758201e+00 1.00167742e+04 3.67314215e+03
4.62516472e+00 1.00690517e+04 3.69215344e+03
4.64279366e+00 1.01215392e+04 3.71123724e+03
4.66046888e+00 1.01742373e+04 3.73039373e+03
4.67819046e+00 1.02271466e+04 3.74962312e+03
4.69595845e+00 1.02802677e+04 3.76892557e+03
4.71377293e+00 1.03336011e+04 3.78830130e+03
4.73163396e+00 1.03871474e+04 3.80775049e+03
