1.00000000e-09 9.30000000e-07 3.00000000e-11
1.00000000e-09 9.30000000e-07 3.00000000e-11
1.00000000e-09 9.30000000e-07 3.00000000e-11
1.00000000e-09 9.30000000e-07 3.00000000e-11
1.02000000e-09 9.49000000e-07 3.09000000e-11
1.04000000e-09 9.68000000e-07 3.19000000e-11
1.06000000e-09 9.87000000e-07 3.29000000e-11
1.08000000e-09 1.01000000e-06 3.39000000e-11
1.10000000e-09 1.03000000e-06 3.50000000e-11
1.13000000e-09 1.05000000e-06 3.61000000e-11
1.15000000e-09 1.07000000e-06 3.72000000e-11
1.17000000e-09 1.09000000e-06 3.84000000e-11
1.20000000e-09 1.11000000e-06 3.95000000e-11
1.22000000e-09 1.13000000e-06 4.08000000e-11
1.24000000e-09 1.16000000e-06 4.20000000e-11
1.27000000e-09 1.18000000e-06 4.34000000e-11
1.29000000e-09 1.20000000e-06 4.47000000e-11
1.32000000e-09 1.23000000e-06 4.61000000e-11
1.35000000e-09 1.25000000e-06 4.75000000e-11
1.37000000e-09 1.28000000e-06 4.90000000e-11
1.40000000e-09 1.30000000e-06 5.05000000e-11
1.43000000e-09 1.33000000e-06 5.21000000e-11
1.46000000e-09 1.36000000e-06 5.37000000e-11
1.49000000e-09 1.38000000e-06 5.54000000e-11
1.52000000e-09 1.41000000e-06 5.71000000e-11
1.55000000e-09 1.44000000e-06 5.88000000e-11
1.58000000e-09 1.47000000e-06 6.06000000e-11
1.61000000e-09 1.50000000e-06 6.25000000e-11
1.64000000e-09 1.53000000e-06 6.44000000e-11
1.67000000e-09 1.56000000e-06 6.64000000e-11
1.71000000e-09 1.59000000e-06 6.85000000e-11
1.74000000e-09 1.62000000e-06 7.06000000e-11
1.78000000e-09 1.65000000e-06 7.27000000e-11
1.81000000e-09 1.69000000e-06 7.50000000e-11
1.85000000e-09 1.72000000e-06 7.73000000e-11
1.88000000e-09 1.75000000e-06 7.96000000e-11
1.92000000e-09 1.79000000e-06 8.21000000e-11
1.96000000e-09 1.82000000e-06 8.46000000e-11
2.00000000e-09 1.86000000e-06 8.72000000e-11
2.04000000e-09 1.90000000e-06 8.98000000e-11
2.08000000e-09 1.94000000e-06 9.26000000e-11
2.12000000e-09 1.97000000e-06 9.54000000e-11
2.16000000e-09 2.01000000e-06 9.83000000e-11
2.21000000e-09 2.05000000e-06 1.01000000e-10
2.25000000e-09 2.10000000e-06 1.04000000e-10
2.30000000e-09 2.14000000e-06 1.08000000e-10
2.34000000e-09 2.18000000e-06 1.11000000e-10
2.39000000e-09 2.22000000e-06 1.14000000e-10
2.44000000e-09 2.27000000e-06 1.18000000e-10
2.49000000e-09 2.31000000e-06 1.21000000e-10
2.54000000e-09 2.36000000e-06 1.25000000e-10
2.59000000e-09 2.41000000e-06 1.29000000e-10
2.64000000e-09 2.46000000e-06 1.33000000e-10
2.69000000e-09 2.50000000e-06 1.37000000e-10
2.75000000e-09 2.55000000e-06 1.41000000e-10
2.80000000e-09 2.61000000e-06 1.45000000e-10
2.86000000e-09 2.66000000e-06 1.49000000e-10
2.91000000e-09 2.71000000e-06 1.54000000e-10
2.97000000e-09 2.77000000e-06 1.58000000e-10
3.03000000e-09 2.82000000e-06 1.63000000e-10
3.09000000e-09 2.88000000e-06 1.68000000e-10
3.15000000e-09 2.93000000e-06 1.73000000e-10
3.22000000e-09 2.99000000e-06 1.78000000e-10
3.28000000e-09 3.05000000e-06 1.84000000e-10
3.35000000e-09 3.11000000e-06 1.89000000e-10
3.41000000e-09 3.18000000e-06 1.95000000e-10
3.48000000e-09 3.24000000e-06 2.01000000e-10
3.55000000e-09 3.30000000e-06 2.07000000e-10
3.62000000e-09 3.37000000e-06 2.13000000e-10
3.69000000e-09 3.44000000e-06 2.19000000e-10
3.77000000e-09 3.51000000e-06 2.26000000e-10
3.84000000e-09 3.58000000e-06 2.33000000e-10
3.92000000e-09 3.65000000e-06 2.40000000e-10
4.00000000e-09 3.72000000e-06 2.47000000e-10
4.08000000e-09 3.80000000e-06 2.54000000e-10
4.16000000e-09 3.87000000e-06 2.62000000e-10
4.24000000e-09 3.95000000e-06 2.69000000e-10
4.33000000e-09 4.03000000e-06 2.77000000e-10
4.42000000e-09 4.11000000e-06 2.86000000e-10
4.50000000e-09 4.19000000e-06 2.94000000e-10
4.59000000e-09 4.28000000e-06 3.03000000e-10
4.69000000e-09 4.36000000e-06 3.12000000e-10
4.78000000e-09 4.45000000e-06 3.21000000e-10
4.88000000e-09 4.54000000e-06 3.30000000e-10
4.97000000e-09 4.63000000e-06 3.40000000e-10
5.07000000e-09 4.72000000e-06 3.35000000e-10
5.17000000e-09 4.81000000e-06 3.45000000e-10
5.28000000e-09 4.91000000e-06 3.55000000e-10
5.38000000e-09 5.01000000e-06 3.66000000e-10
5.49000000e-09 5.11000000e-06 3.77000000e-10
5.60000000e-09 5.21000000e-06 3.88000000e-10
5.71000000e-09 5.32000000e-06 3.99000000e-10
5.83000000e-09 5.42000000e-06 4.11000000e-10
5.94000000e-09 5.53000000e-06 4.23000000e-10
6.06000000e-09 5.64000000e-06 4.35000000e-10
6.18000000e-09 5.75000000e-06 4.48000000e-10
6.31000000e-09 5.87000000e-06 4.61000000e-10
6.43000000e-09 5.99000000e-06 4.75000000e-10
6.56000000e-09 6.11000000e-06 4.89000000e-10
6.69000000e-09 6.23000000e-06 5.03000000e-10
6.83000000e-09 6.35000000e-06 5.18000000e-10
6.96000000e-09 6.48000000e-06 5.33000000e-10
7.10000000e-09 6.61000000e-06 5.48000000e-10
7.24000000e-09 6.74000000e-06 5.64000000e-10
7.39000000e-09 6.88000000e-06 5.81000000e-10
7.54000000e-09 7.01000000e-06 5.98000000e-10
7.69000000e-09 7.15000000e-06 6.15000000e-10
7.84000000e-09 7.30000000e-06 6.33000000e-10
8.00000000e-09 7.44000000e-06 6.52000000e-10
8.16000000e-09 7.59000000e-06 6.71000000e-10
8.32000000e-09 7.74000000e-06 6.90000000e-10
8.49000000e-09 7.90000000e-06 7.10000000e-10
8.66000000e-09 8.06000000e-06 7.31000000e-10
8.83000000e-09 8.22000000e-06 7.52000000e-10
9.01000000e-09 8.38000000e-06 7.74000000e-10
9.19000000e-09 8.55000000e-06 7.96000000e-10
9.37000000e-09 8.72000000e-06 8.19000000e-10
9.56000000e-09 8.90000000e-06 8.43000000e-10
9.75000000e-09 9.07000000e-06 8.67000000e-10
9.95000000e-09 9.26000000e-06 8.92000000e-10
1.01000000e-08 9.44000000e-06 9.18000000e-10
1.03000000e-08 9.63000000e-06 9.44000000e-10
1.06000000e-08 9.82000000e-06 9.71000000e-10
1.08000000e-08 1.00000000e-05 9.99000000e-10
1.10000000e-08 1.02000000e-05 1.03000000e-09
1.12000000e-08 1.04000000e-05 1.06000000e-09
1.14000000e-08 1.06000000e-05 1.09000000e-09
1.17000000e-08 1.08000000e-05 1.12000000e-09
1.19000000e-08 1.11000000e-05 1.15000000e-09
1.21000000e-08 1.13000000e-05 1.18000000e-09
1.24000000e-08 1.15000000e-05 1.22000000e-09
1.26000000e-08 1.17000000e-05 1.25000000e-09
1.29000000e-08 1.20000000e-05 1.29000000e-09
1.31000000e-08 1.22000000e-05 1.33000000e-09
1.34000000e-08 1.25000000e-05 1.36000000e-09
1.37000000e-08 1.27000000e-05 1.40000000e-09
1.39000000e-08 1.30000000e-05 1.44000000e-09
1.42000000e-08 1.32000000e-05 1.48000000e-09
1.45000000e-08 1.35000000e-05 1.53000000e-09
1.48000000e-08 1.38000000e-05 1.57000000e-09
1.51000000e-08 1.40000000e-05 1.62000000e-09
1.54000000e-08 1.43000000e-05 1.66000000e-09
1.57000000e-08 1.46000000e-05 1.71000000e-09
1.60000000e-08 1.49000000e-05 1.76000000e-09
1.63000000e-08 1.52000000e-05 1.81000000e-09
1.66000000e-08 1.55000000e-05 1.86000000e-09
1.70000000e-08 1.58000000e-05 1.91000000e-09
1.73000000e-08 1.61000000e-05 1.97000000e-09
1.77000000e-08 1.64000000e-05 2.02000000e-09
1.80000000e-08 1.68000000e-05 2.08000000e-09
1.84000000e-08 1.71000000e-05 2.14000000e-09
1.87000000e-08 1.74000000e-05 2.20000000e-09
1.91000000e-08 1.78000000e-05 2.26000000e-09
1.95000000e-08 1.81000000e-05 2.32000000e-09
1.99000000e-08 1.85000000e-05 2.39000000e-09
2.03000000e-08 1.89000000e-05 2.46000000e-09
2.07000000e-08 1.93000000e-05 2.53000000e-09
2.11000000e-08 1.96000000e-05 2.60000000e-09
2.15000000e-08 2.00000000e-05 2.67000000e-09
2.20000000e-08 2.04000000e-05 2.75000000e-09
2.24000000e-08 2.08000000e-05 2.82000000e-09
2.28000000e-08 2.13000000e-05 2.90000000e-09
2.33000000e-08 2.17000000e-05 2.99000000e-09
2.38000000e-08 2.21000000e-05 3.07000000e-09
2.42000000e-08 2.26000000e-05 3.16000000e-09
2.47000000e-08 2.30000000e-05 3.25000000e-09
2.52000000e-08 2.35000000e-05 3.34000000e-09
2.57000000e-08 2.39000000e-05 3.43000000e-09
2.62000000e-08 2.44000000e-05 3.53000000e-09
2.68000000e-08 2.49000000e-05 3.63000000e-09
2.73000000e-08 2.54000000e-05 3.73000000e-09
2.79000000e-08 2.59000000e-05 3.83000000e-09
2.84000000e-08 2.64000000e-05 3.94000000e-09
2.90000000e-08 2.70000000e-05 4.05000000e-09
2.96000000e-08 2.75000000e-05 4.16000000e-09
3.01000000e-08 2.81000000e-05 4.28000000e-09
3.07000000e-08 2.86000000e-05 4.40000000e-09
3.14000000e-08 2.92000000e-05 4.52000000e-09
3.20000000e-08 2.98000000e-05 4.65000000e-09
3.26000000e-08 3.04000000e-05 4.78000000e-09
3.33000000e-08 3.10000000e-05 4.91000000e-09
3.39000000e-08 3.16000000e-05 5.05000000e-09
3.46000000e-08 3.22000000e-05 5.19000000e-09
3.53000000e-08 3.29000000e-05 5.34000000e-09
3.60000000e-08 3.35000000e-05 5.48000000e-09
3.67000000e-08 3.42000000e-05 5.64000000e-09
3.75000000e-08 3.49000000e-05 5.79000000e-09
3.82000000e-08 3.56000000e-05 5.96000000e-09
3.90000000e-08 3.63000000e-05 6.12000000e-09
3.98000000e-08 3.70000000e-05 6.29000000e-09
4.06000000e-08 3.78000000e-05 6.47000000e-09
4.14000000e-08 3.85000000e-05 6.65000000e-09
4.22000000e-08 3.93000000e-05 6.83000000e-09
4.31000000e-08 4.01000000e-05 7.02000000e-09
4.39000000e-08 4.09000000e-05 7.22000000e-09
4.48000000e-08 4.17000000e-05 7.42000000e-09
4.57000000e-08 4.25000000e-05 7.62000000e-09
4.66000000e-08 4.34000000e-05 7.83000000e-09
4.75000000e-08 4.42000000e-05 8.05000000e-09
4.85000000e-08 4.51000000e-05 8.27000000e-09
4.95000000e-08 4.60000000e-05 8.50000000e-09
5.04000000e-08 4.70000000e-05 8.74000000e-09
5.15000000e-08 4.79000000e-05 8.98000000e-09
5.25000000e-08 4.89000000e-05 9.23000000e-09
5.35000000e-08 4.98000000e-05 9.48000000e-09
5.46000000e-08 5.08000000e-05 9.75000000e-09
5.57000000e-08 5.18000000e-05 1.00000000e-08
5.68000000e-08 5.29000000e-05 1.03000000e-08
5.79000000e-08 5.39000000e-05 1.06000000e-08
5.91000000e-08 5.50000000e-05 1.09000000e-08
6.03000000e-08 5.61000000e-05 1.12000000e-08
6.15000000e-08 5.72000000e-05 1.15000000e-08
6.27000000e-08 5.84000000e-05 1.18000000e-08
6.40000000e-08 5.96000000e-05 1.21000000e-08
6.53000000e-08 6.07000000e-05 1.25000000e-08
6.66000000e-08 6.20000000e-05 1.28000000e-08
6.79000000e-08 6.32000000e-05 1.32000000e-08
6.93000000e-08 6.45000000e-05 1.35000000e-08
7.06000000e-08 6.58000000e-05 1.39000000e-08
7.21000000e-08 6.71000000e-05 1.43000000e-08
7.35000000e-08 6.84000000e-05 1.47000000e-08
7.50000000e-08 6.98000000e-05 1.51000000e-08
7.65000000e-08 7.12000000e-05 1.55000000e-08
7.80000000e-08 7.26000000e-05 1.59000000e-08
7.95000000e-08 7.41000000e-05 1.63000000e-08
8.11000000e-08 7.55000000e-05 1.68000000e-08
8.28000000e-08 7.70000000e-05 1.73000000e-08
8.44000000e-08 7.86000000e-05 1.77000000e-08
8.61000000e-08 8.02000000e-05 1.82000000e-08
8.78000000e-08 8.18000000e-05 1.87000000e-08
8.96000000e-08 8.34000000e-05 1.92000000e-08
9.14000000e-08 8.51000000e-05 1.98000000e-08
9.32000000e-08 8.68000000e-05 2.03000000e-08
9.51000000e-08 8.85000000e-05 2.09000000e-08
9.70000000e-08 9.03000000e-05 2.14000000e-08
9.89000000e-08 9.21000000e-05 2.20000000e-08
1.01000000e-07 9.39000000e-05 2.26000000e-08
1.03000000e-07 9.58000000e-05 2.32000000e-08
1.05000000e-07 9.77000000e-05 2.39000000e-08
1.07000000e-07 9.97000000e-05 2.45000000e-08
1.09000000e-07 1.01664000e-04 2.52000000e-08
1.11000000e-07 1.03698000e-04 2.59000000e-08
1.14000000e-07 1.05772000e-04 2.66000000e-08
1.16000000e-07 1.07888000e-04 2.73000000e-08
1.18000000e-07 1.10047000e-04 2.81000000e-08
1.21000000e-07 1.12248000e-04 2.88000000e-08
1.23000000e-07 1.14494000e-04 2.96000000e-08
1.25000000e-07 1.16784000e-04 3.04000000e-08
1.28000000e-07 1.19121000e-04 3.13000000e-08
1.31000000e-07 1.21504000e-04 3.21000000e-08
1.33000000e-07 1.23934000e-04 3.30000000e-08
1.36000000e-07 1.26414000e-04 3.39000000e-08
1.38000000e-07 1.28943000e-04 3.48000000e-08
1.41000000e-07 1.31522000e-04 3.58000000e-08
1.44000000e-07 1.34153000e-04 3.67000000e-08
1.47000000e-07 1.36837000e-04 3.77000000e-08
1.50000000e-07 1.39575000e-04 3.88000000e-08
1.53000000e-07 1.42367000e-04 3.98000000e-08
1.56000000e-07 1.45215000e-04 4.09000000e-08
1.59000000e-07 1.48120000e-04 4.17000000e-08
1.62000000e-07 1.51083000e-04 4.28000000e-08
1.66000000e-07 1.54106000e-04 4.40000000e-08
1.69000000e-07 1.57189000e-04 4.36000000e-08
1.72000000e-07 1.60334000e-04 4.48000000e-08
1.76000000e-07 1.63541000e-04 4.60000000e-08
1.79000000e-07 1.66813000e-04 4.73000000e-08
1.83000000e-07 1.70150000e-04 4.86000000e-08
1.86000000e-07 1.73554000e-04 4.99000000e-08
1.90000000e-07 1.77026000e-04 5.13000000e-08
1.94000000e-07 1.80568000e-04 5.27000000e-08
1.98000000e-07 1.84180000e-04 5.41000000e-08
2.02000000e-07 1.87865000e-04 5.56000000e-08
2.06000000e-07 1.91623000e-04 5.71000000e-08
2.10000000e-07 1.95457000e-04 5.86000000e-08
2.14000000e-07 1.99367000e-04 6.02000000e-08
2.18000000e-07 2.03356000e-04 6.19000000e-08
2.23000000e-07 2.07424000e-04 6.35000000e-08
2.27000000e-07 2.11574000e-04 6.53000000e-08
2.32000000e-07 2.15807000e-04 6.70000000e-08
2.36000000e-07 2.20124000e-04 6.88000000e-08
2.41000000e-07 2.24528000e-04 7.07000000e-08
2.46000000e-07 2.29020000e-04 7.26000000e-08
2.51000000e-07 2.33602000e-04 7.46000000e-08
2.56000000e-07 2.38276000e-04 7.66000000e-08
2.61000000e-07 2.43043000e-04 7.87000000e-08
2.66000000e-07 2.47905000e-04 8.08000000e-08
2.72000000e-07 2.52865000e-04 8.30000000e-08
2.77000000e-07 2.57924000e-04 8.53000000e-08
2.83000000e-07 2.63084000e-04 8.76000000e-08
2.88000000e-07 2.68348000e-04 9.00000000e-08
2.94000000e-07 2.73716000e-04 9.24000000e-08
3.00000000e-07 2.79193000e-04 9.49000000e-08
3.06000000e-07 2.84778000e-04 9.75000000e-08
3.12000000e-07 2.90476000e-04 1.00000000e-07
3.18000000e-07 2.96288000e-04 1.03000000e-07
3.25000000e-07 3.02215000e-04 1.06000000e-07
3.31000000e-07 3.08262000e-04 1.08000000e-07
3.38000000e-07 3.14429000e-04 1.11000000e-07
3.44000000e-07 3.20720000e-04 1.14000000e-07
3.51000000e-07 3.27137000e-04 1.18000000e-07
3.58000000e-07 3.33682000e-04 1.21000000e-07
3.65000000e-07 3.40358000e-04 1.24000000e-07
3.73000000e-07 3.47168000e-04 1.27000000e-07
3.80000000e-07 3.54114000e-04 1.31000000e-07
3.88000000e-07 3.61199000e-04 1.34000000e-07
3.96000000e-07 3.68425000e-04 1.38000000e-07
4.04000000e-07 3.75797000e-04 1.42000000e-07
4.12000000e-07 3.83315000e-04 1.46000000e-07
4.20000000e-07 3.90985000e-04 1.49000000e-07
4.28000000e-07 3.98807000e-04 1.53000000e-07
4.37000000e-07 4.06787000e-04 1.58000000e-07
4.46000000e-07 4.14925000e-04 1.62000000e-07
4.54000000e-07 4.23227000e-04 1.66000000e-07
4.64000000e-07 4.31695000e-04 1.71000000e-07
4.73000000e-07 4.40333000e-04 1.75000000e-07
4.82000000e-07 4.49143000e-04 1.80000000e-07
4.92000000e-07 4.58129000e-04 1.85000000e-07
5.02000000e-07 4.67296000e-04 1.90000000e-07
5.12000000e-07 4.76645000e-04 1.95000000e-07
5.22000000e-07 4.86182000e-04 2.00000000e-07
5.32000000e-07 4.95910000e-04 2.06000000e-07
5.43000000e-07 5.05832000e-04 2.11000000e-07
5.54000000e-07 5.15953000e-04 2.17000000e-07
5.65000000e-07 5.26277000e-04 2.23000000e-07
5.76000000e-07 5.36807000e-04 2.29000000e-07
5.88000000e-07 5.47548000e-04 2.35000000e-07
6.00000000e-07 5.58503000e-04 2.41000000e-07
6.12000000e-07 5.69678000e-04 2.48000000e-07
6.24000000e-07 5.81077000e-04 2.55000000e-07
6.36000000e-07 5.92703000e-04 2.62000000e-07
6.49000000e-07 6.04563000e-04 2.69000000e-07
6.62000000e-07 6.16660000e-04 2.76000000e-07
6.75000000e-07 6.28998000e-04 2.83000000e-07
6.89000000e-07 6.41584000e-04 2.91000000e-07
7.03000000e-07 6.54422000e-04 2.99000000e-07
7.17000000e-07 6.67516000e-04 3.07000000e-07
7.31000000e-07 6.80873000e-04 3.15000000e-07
7.46000000e-07 6.94496000e-04 3.24000000e-07
7.60000000e-07 7.08393000e-04 3.32000000e-07
7.76000000e-07 7.22568000e-04 3.41000000e-07
7.91000000e-07 7.37026000e-04 3.50000000e-07
8.07000000e-07 7.51773000e-04 3.60000000e-07
8.23000000e-07 7.66816000e-04 3.55000000e-07
8.40000000e-07 7.82160000e-04 3.64000000e-07
8.56000000e-07 7.97810000e-04 3.74000000e-07
8.73000000e-07 8.13774000e-04 3.84000000e-07
8.91000000e-07 8.30057000e-04 3.94000000e-07
9.09000000e-07 8.46666000e-04 4.05000000e-07
9.27000000e-07 8.63608000e-04 4.16000000e-07
9.45000000e-07 8.80888000e-04 4.27000000e-07
9.64000000e-07 8.98515000e-04 4.39000000e-07
9.84000000e-07 9.16494000e-04 4.50000000e-07
1.00000000e-06 9.34833000e-04 4.62000000e-07
1.02000000e-06 9.53539000e-04 4.75000000e-07
1.04000000e-06 9.72619000e-04 4.88000000e-07
1.06000000e-06 9.92082000e-04 5.01000000e-07
1.09000000e-06 1.01193000e-03 5.14000000e-07
1.11000000e-06 1.03218000e-03 5.28000000e-07
1.13000000e-06 1.05284000e-03 5.42000000e-07
1.15000000e-06 1.07390000e-03 5.57000000e-07
1.18000000e-06 1.09539000e-03 5.72000000e-07
1.20000000e-06 1.11731000e-03 5.87000000e-07
1.22000000e-06 1.13967000e-03 6.03000000e-07
1.25000000e-06 1.16248000e-03 6.19000000e-07
1.27000000e-06 1.18574000e-03 6.36000000e-07
1.30000000e-06 1.20947000e-03 6.53000000e-07
1.32000000e-06 1.23367000e-03 6.71000000e-07
1.35000000e-06 1.25836000e-03 6.89000000e-07
1.38000000e-06 1.28354000e-03 7.07000000e-07
1.40000000e-06 1.30922000e-03 7.26000000e-07
1.43000000e-06 1.33542000e-03 7.46000000e-07
1.46000000e-06 1.36215000e-03 7.66000000e-07
1.49000000e-06 1.38940000e-03 7.34000000e-07
1.52000000e-06 1.41721000e-03 7.54000000e-07
1.55000000e-06 1.44557000e-03 7.74000000e-07
1.58000000e-06 1.47449000e-03 7.95000000e-07
1.61000000e-06 1.50400000e-03 8.16000000e-07
1.65000000e-06 1.53410000e-03 8.38000000e-07
1.68000000e-06 1.56479000e-03 8.61000000e-07
1.71000000e-06 1.59611000e-03 8.84000000e-07
1.75000000e-06 1.62805000e-03 9.07000000e-07
1.78000000e-06 1.66063000e-03 9.32000000e-07
1.82000000e-06 1.69386000e-03 9.57000000e-07
1.85000000e-06 1.72775000e-03 9.83000000e-07
1.89000000e-06 1.76233000e-03 1.01000000e-06
1.93000000e-06 1.79760000e-03 1.04000000e-06
1.97000000e-06 1.83357000e-03 1.06000000e-06
2.01000000e-06 1.87026000e-03 1.09000000e-06
2.05000000e-06 1.90769000e-03 1.12000000e-06
2.09000000e-06 1.94587000e-03 1.15000000e-06
2.13000000e-06 1.98481000e-03 1.18000000e-06
2.17000000e-06 2.02453000e-03 1.21000000e-06
2.22000000e-06 2.06504000e-03 1.25000000e-06
2.26000000e-06 2.10637000e-03 1.28000000e-06
2.30000000e-06 2.14852000e-03 1.32000000e-06
2.35000000e-06 2.19152000e-03 1.35000000e-06
2.40000000e-06 2.23538000e-03 1.39000000e-06
2.45000000e-06 2.28011000e-03 1.42000000e-06
2.49000000e-06 2.32574000e-03 1.46000000e-06
2.54000000e-06 2.37229000e-03 1.50000000e-06
2.60000000e-06 2.41976000e-03 1.54000000e-06
2.65000000e-06 2.46819000e-03 1.58000000e-06
2.70000000e-06 2.51759000e-03 1.63000000e-06
2.75000000e-06 2.56797000e-03 1.67000000e-06
2.81000000e-06 2.61936000e-03 1.71000000e-06
2.87000000e-06 2.67179000e-03 1.76000000e-06
2.92000000e-06 2.72526000e-03 1.81000000e-06
2.98000000e-06 2.77980000e-03 1.86000000e-06
3.04000000e-06 2.83543000e-03 1.91000000e-06
3.10000000e-06 2.89218000e-03 1.96000000e-06
3.16000000e-06 2.95006000e-03 2.01000000e-06
3.23000000e-06 3.00911000e-03 2.06000000e-06
3.29000000e-06 3.06933000e-03 2.12000000e-06
3.36000000e-06 3.13076000e-03 2.18000000e-06
3.43000000e-06 3.19342000e-03 2.23000000e-06
3.49000000e-06 3.25733000e-03 2.29000000e-06
3.56000000e-06 3.32253000e-03 2.36000000e-06
3.63000000e-06 3.38902000e-03 2.42000000e-06
3.71000000e-06 3.45685000e-03 2.48000000e-06
3.78000000e-06 3.52604000e-03 2.55000000e-06
3.86000000e-06 3.59661000e-03 2.62000000e-06
3.93000000e-06 3.66860000e-03 2.69000000e-06
4.01000000e-06 3.74202000e-03 2.76000000e-06
4.09000000e-06 3.81692000e-03 2.84000000e-06
4.18000000e-06 3.89332000e-03 2.91000000e-06
4.26000000e-06 3.97124000e-03 2.99000000e-06
4.34000000e-06 4.05073000e-03 3.07000000e-06
4.43000000e-06 4.13180000e-03 3.15000000e-06
4.52000000e-06 4.21450000e-03 3.24000000e-06
4.61000000e-06 4.29886000e-03 3.32000000e-06
4.70000000e-06 4.38491000e-03 3.41000000e-06
4.80000000e-06 4.47267000e-03 3.50000000e-06
4.89000000e-06 4.56220000e-03 3.60000000e-06
4.99000000e-06 4.65351000e-03 3.69000000e-06
5.09000000e-06 4.74666000e-03 3.79000000e-06
5.19000000e-06 4.84167000e-03 3.89000000e-06
5.30000000e-06 4.93858000e-03 4.00000000e-06
5.40000000e-06 5.03743000e-03 4.11000000e-06
5.51000000e-06 5.13827000e-03 4.22000000e-06
5.62000000e-06 5.24112000e-03 4.33000000e-06
5.73000000e-06 5.34603000e-03 4.45000000e-06
5.85000000e-06 5.45304000e-03 4.57000000e-06
5.96000000e-06 5.56219000e-03 4.69000000e-06
6.08000000e-06 5.67353000e-03 4.81000000e-06
6.20000000e-06 5.78710000e-03 4.94000000e-06
6.33000000e-06 5.90294000e-03 5.07000000e-06
6.45000000e-06 6.02110000e-03 5.21000000e-06
6.58000000e-06 6.14163000e-03 5.35000000e-06
6.72000000e-06 6.26457000e-03 5.49000000e-06
6.85000000e-06 6.38997000e-03 5.64000000e-06
6.99000000e-06 6.51788000e-03 5.53000000e-06
7.13000000e-06 6.64835000e-03 5.68000000e-06
7.27000000e-06 6.78144000e-03 5.83000000e-06
7.41000000e-06 6.91718000e-03 5.98000000e-06
7.56000000e-06 7.05565000e-03 6.14000000e-06
7.71000000e-06 7.19688000e-03 6.31000000e-06
7.87000000e-06 7.34095000e-03 6.48000000e-06
8.03000000e-06 7.48790000e-03 6.65000000e-06
8.19000000e-06 7.63779000e-03 6.83000000e-06
8.35000000e-06 7.79069000e-03 7.01000000e-06
8.52000000e-06 7.94664000e-03 7.20000000e-06
8.69000000e-06 8.10572000e-03 7.39000000e-06
8.86000000e-06 8.26799000e-03 7.59000000e-06
9.04000000e-06 8.43350000e-03 7.80000000e-06
9.22000000e-06 8.60233000e-03 8.00000000e-06
9.40000000e-06 8.77454000e-03 8.22000000e-06
9.59000000e-06 8.95019000e-03 8.44000000e-06
9.78000000e-06 9.12937000e-03 8.67000000e-06
9.98000000e-06 9.31213000e-03 8.90000000e-06
1.02000000e-05 9.49855000e-03 9.14000000e-06
1.04000000e-05 9.68871000e-03 9.38000000e-06
1.06000000e-05 9.88268000e-03 9.63000000e-06
1.08000000e-05 1.00805000e-02 9.89000000e-06
1.10000000e-05 1.02823000e-02 1.02000000e-05
1.12000000e-05 1.04882000e-02 1.04000000e-05
1.15000000e-05 1.06982000e-02 1.07000000e-05
1.17000000e-05 1.09123000e-02 1.10000000e-05
1.19000000e-05 1.11308000e-02 1.13000000e-05
1.22000000e-05 1.13537000e-02 1.16000000e-05
1.24000000e-05 1.15810000e-02 1.19000000e-05
1.27000000e-05 1.18128000e-02 1.22000000e-05
1.29000000e-05 1.20493000e-02 1.25000000e-05
1.32000000e-05 1.22906000e-02 1.29000000e-05
1.34000000e-05 1.25366000e-02 1.32000000e-05
1.37000000e-05 1.27876000e-02 1.36000000e-05
1.40000000e-05 1.30437000e-02 1.39000000e-05
1.43000000e-05 1.33048000e-02 1.43000000e-05
1.45000000e-05 1.35712000e-02 1.47000000e-05
1.48000000e-05 1.38429000e-02 1.51000000e-05
1.51000000e-05 1.41201000e-02 1.55000000e-05
1.54000000e-05 1.44028000e-02 1.59000000e-05
1.57000000e-05 1.46912000e-02 1.63000000e-05
1.61000000e-05 1.49854000e-02 1.68000000e-05
1.64000000e-05 1.52854000e-02 1.72000000e-05
1.67000000e-05 1.55915000e-02 1.77000000e-05
1.70000000e-05 1.59036000e-02 1.73000000e-05
1.74000000e-05 1.62221000e-02 1.77000000e-05
1.77000000e-05 1.65469000e-02 1.82000000e-05
1.81000000e-05 1.68782000e-02 1.87000000e-05
1.84000000e-05 1.72161000e-02 1.92000000e-05
1.88000000e-05 1.75608000e-02 1.97000000e-05
1.92000000e-05 1.79124000e-02 2.02000000e-05
1.96000000e-05 1.82711000e-02 2.08000000e-05
2.00000000e-05 1.86369000e-02 2.13000000e-05
2.04000000e-05 1.90101000e-02 2.19000000e-05
2.08000000e-05 1.93908000e-02 2.25000000e-05
2.12000000e-05 1.97790000e-02 2.31000000e-05
2.16000000e-05 2.01751000e-02 2.37000000e-05
2.20000000e-05 2.05791000e-02 2.43000000e-05
2.25000000e-05 2.09911000e-02 2.50000000e-05
2.29000000e-05 2.14115000e-02 2.57000000e-05
2.34000000e-05 2.18402000e-02 2.63000000e-05
2.38000000e-05 2.22776000e-02 2.71000000e-05
2.43000000e-05 2.27237000e-02 2.78000000e-05
2.48000000e-05 2.31787000e-02 2.85000000e-05
2.53000000e-05 2.36428000e-02 2.93000000e-05
2.58000000e-05 2.41163000e-02 3.01000000e-05
2.63000000e-05 2.45992000e-02 3.09000000e-05
2.69000000e-05 2.50918000e-02 3.17000000e-05
2.74000000e-05 2.55943000e-02 3.25000000e-05
2.79000000e-05 2.61069000e-02 3.34000000e-05
2.85000000e-05 2.66297000e-02 3.43000000e-05
2.91000000e-05 2.71630000e-02 3.52000000e-05
2.97000000e-05 2.77069000e-02 3.62000000e-05
3.02000000e-05 2.82618000e-02 3.71000000e-05
3.09000000e-05 2.88278000e-02 3.81000000e-05
3.15000000e-05 2.94051000e-02 3.92000000e-05
3.21000000e-05 2.99940000e-02 4.02000000e-05
3.27000000e-05 3.05947000e-02 4.13000000e-05
3.34000000e-05 3.12074000e-02 4.24000000e-05
3.41000000e-05 3.18325000e-02 4.35000000e-05
3.47000000e-05 3.24700000e-02 4.47000000e-05
3.54000000e-05 3.31203000e-02 4.59000000e-05
3.61000000e-05 3.37836000e-02 4.71000000e-05
3.69000000e-05 3.44602000e-02 4.57000000e-05
3.76000000e-05 3.51503000e-02 4.70000000e-05
3.84000000e-05 3.58543000e-02 4.82000000e-05
3.91000000e-05 3.65724000e-02 4.95000000e-05
3.99000000e-05 3.73048000e-02 5.08000000e-05
4.07000000e-05 3.80519000e-02 5.22000000e-05
4.15000000e-05 3.88140000e-02 5.36000000e-05
4.24000000e-05 3.95914000e-02 5.50000000e-05
4.32000000e-05 4.03843000e-02 5.65000000e-05
4.41000000e-05 4.11932000e-02 5.80000000e-05
4.49000000e-05 4.20182000e-02 5.96000000e-05
4.58000000e-05 4.28598000e-02 6.12000000e-05
4.68000000e-05 4.37182000e-02 6.28000000e-05
4.77000000e-05 4.45939000e-02 6.45000000e-05
4.87000000e-05 4.54870000e-02 6.62000000e-05
4.96000000e-05 4.63981000e-02 6.80000000e-05
5.06000000e-05 4.73275000e-02 6.98000000e-05
5.16000000e-05 4.82754000e-02 7.17000000e-05
5.27000000e-05 4.92424000e-02 7.36000000e-05
5.37000000e-05 5.02287000e-02 7.55000000e-05
5.48000000e-05 5.12348000e-02 7.76000000e-05
5.59000000e-05 5.22611000e-02 7.96000000e-05
5.70000000e-05 5.33079000e-02 8.18000000e-05
5.81000000e-05 5.43758000e-02 8.40000000e-05
5.93000000e-05 5.54650000e-02 8.62000000e-05
6.05000000e-05 5.65760000e-02 8.56000000e-05
6.17000000e-05 5.77093000e-02 8.79000000e-05
6.29000000e-05 5.88652000e-02 9.02000000e-05
6.42000000e-05 6.00443000e-02 9.26000000e-05
6.55000000e-05 6.12471000e-02 9.51000000e-05
6.68000000e-05 6.24740000e-02 9.77000000e-05
6.81000000e-05 6.37254000e-02 1.00285000e-04
6.95000000e-05 6.50020000e-02 1.02969000e-04
7.09000000e-05 6.63041000e-02 1.05726000e-04
7.23000000e-05 6.76323000e-02 1.08556000e-04
7.37000000e-05 6.89872000e-02 1.11461000e-04
7.52000000e-05 7.03692000e-02 1.14445000e-04
7.67000000e-05 7.17789000e-02 1.17508000e-04
7.83000000e-05 7.32168000e-02 1.20653000e-04
7.98000000e-05 7.46836000e-02 1.23883000e-04
8.14000000e-05 7.61797000e-02 1.20091000e-04
8.30000000e-05 7.77057000e-02 1.23306000e-04
8.47000000e-05 7.92623000e-02 1.26606000e-04
8.64000000e-05 8.08502000e-02 1.29995000e-04
8.81000000e-05 8.24698000e-02 1.33475000e-04
8.99000000e-05 8.41219000e-02 1.37047000e-04
9.17000000e-05 8.58071000e-02 1.40715000e-04
9.35000000e-05 8.75261000e-02 1.44482000e-04
9.54000000e-05 8.92796000e-02 1.48349000e-04
9.73000000e-05 9.10682000e-02 1.52320000e-04
9.92000000e-05 9.28926000e-02 1.56396000e-04
1.01228000e-04 9.47536000e-02 1.60582000e-04
1.03252000e-04 9.66520000e-02 1.64880000e-04
1.05317000e-04 9.85883000e-02 1.69294000e-04
1.07424000e-04 1.00564000e-01 1.73825000e-04
1.09572000e-04 1.02578000e-01 1.78477000e-04
1.11764000e-04 1.04634000e-01 1.83254000e-04
1.13999000e-04 1.06730000e-01 1.88159000e-04
1.16279000e-04 1.08868000e-01 1.93195000e-04
1.18605000e-04 1.11050000e-01 1.98365000e-04
1.20977000e-04 1.13275000e-01 2.03674000e-04
1.23396000e-04 1.15544000e-01 2.00620000e-04
1.25864000e-04 1.17859000e-01 2.05989000e-04
1.28381000e-04 1.20220000e-01 2.11502000e-04
1.30949000e-04 1.22629000e-01 2.17163000e-04
1.33568000e-04 1.25086000e-01 2.22975000e-04
1.36239000e-04 1.27592000e-01 2.28943000e-04
1.38964000e-04 1.30149000e-01 2.35070000e-04
1.41743000e-04 1.32757000e-01 2.41361000e-04
1.44578000e-04 1.35417000e-01 2.47821000e-04
1.47470000e-04 1.38130000e-01 2.54454000e-04
1.50419000e-04 1.40898000e-01 2.61264000e-04
1.53428000e-04 1.43721000e-01 2.62500000e-04
1.56496000e-04 1.46601000e-01 2.69526000e-04
1.59626000e-04 1.49538000e-01 2.76739000e-04
1.62819000e-04 1.52534000e-01 2.84146000e-04
1.66075000e-04 1.55591000e-01 2.91750000e-04
1.69396000e-04 1.58709000e-01 2.99558000e-04
1.72784000e-04 1.61889000e-01 3.00646000e-04
1.76240000e-04 1.65133000e-01 3.08693000e-04
1.79765000e-04 1.68442000e-01 3.16954000e-04
1.83360000e-04 1.71817000e-01 3.18340000e-04
1.87027000e-04 1.75260000e-01 3.26860000e-04
1.90768000e-04 1.78771000e-01 3.35607000e-04
1.94583000e-04 1.82354000e-01 3.44589000e-04
1.98475000e-04 1.86008000e-01 3.53811000e-04
2.02444000e-04 1.89735000e-01 3.63280000e-04
2.06493000e-04 1.93537000e-01 3.73002000e-04
2.10623000e-04 1.97415000e-01 3.82984000e-04
2.14836000e-04 2.01371000e-01 3.93234000e-04
2.19132000e-04 2.05407000e-01 4.03757000e-04
2.23515000e-04 2.09523000e-01 4.14562000e-04
2.27985000e-04 2.13722000e-01 4.25657000e-04
2.32545000e-04 2.18005000e-01 4.27672000e-04
2.37196000e-04 2.22374000e-01 4.39117000e-04
2.41940000e-04 2.26830000e-01 4.50868000e-04
2.46779000e-04 2.31376000e-01 4.62934000e-04
2.51714000e-04 2.36013000e-01 4.75323000e-04
2.56749000e-04 2.40742000e-01 4.77739000e-04
2.61884000e-04 2.45567000e-01 4.90524000e-04
9.14094000e-04 8.58762976e-01 1.41031285e-03
1.52819000e-03 1.43656584e+00 1.81780987e-03
2.14228000e-03 2.01465367e+00 2.53721157e-03
2.75638000e-03 2.59299006e+00 3.40232121e-03
3.37047000e-03 3.17152801e+00 4.38426960e-03
3.98456000e-03 3.75025592e+00 5.46808872e-03
4.59866000e-03 4.32916933e+00 6.62914892e-03
5.21275000e-03 4.90823157e+00 7.89835142e-03
5.82685000e-03 5.48746512e+00 9.23312226e-03
6.44094000e-03 6.06682444e+00 1.06401326e-02
7.05503000e-03 6.64633211e+00 1.21577561e-02
7.66913000e-03 7.22597699e+00 1.36959662e-02
8.28322000e-03 7.80574207e+00 1.53067644e-02
8.89732000e-03 8.38563513e+00 1.70159731e-02
9.51141000e-03 8.96564529e+00 1.87831300e-02
1.01255000e-02 9.54576450e+00 2.06188459e-02
1.06051386e-02 9.99875635e+00 2.30974274e-02
1.07976520e-01 1.02560516e+02 5.92300614e-01
1.45245628e-01 1.38339571e+02 1.91730529e+00
1.70976745e-01 1.63314394e+02 3.55542685e+00
1.92145148e-01 1.84080778e+02 5.43318537e+00
2.10655038e-01 2.02430944e+02 7.51479639e+00
2.27380720e-01 2.19185386e+02 9.77779593e+00
2.42821420e-01 2.34812324e+02 1.22065458e+01
2.57297275e-01 2.49612430e+02 1.47895398e+01
2.71028621e-01 2.63793326e+02 1.75180180e+01
2.84175252e-01 2.77506099e+02 2.03851579e+01
2.96856158e-01 2.90864191e+02 2.33855635e+01
3.09163578e-01 3.03955995e+02 2.65149220e+01
3.21170000e-01 3.16851653e+02 2.97697650e+01
3.32933647e-01 3.29608073e+02 3.31472953e+01
3.44502011e-01 3.42272226e+02 3.66452591e+01
3.55914371e-01 3.54883478e+02 4.02618489e+01
3.67203605e-01 3.67475274e+02 4.39956282e+01
3.78397531e-01 3.80076382e+02 4.78454730e+01
3.89519913e-01 3.92711827e+02 5.18105251e+01
4.00591231e-01 4.05403607e+02 5.58901539e+01
4.11629271e-01 4.18171239e+02 6.00839259e+01
4.22649597e-01 4.31032196e+02 6.43915798e+01
4.33665919e-01 4.44002252e+02 6.88130047e+01
4.44690386e-01 4.57095755e+02 7.33482232e+01
4.55733834e-01 4.70325850e+02 7.79973766e+01
4.66805963e-01 4.83704650e+02 8.27607118e+01
4.77915547e-01 4.97243441e+02 8.76385711e+01
4.89070498e-01 5.10952717e+02 9.26313826e+01
5.00278022e-01 5.24842347e+02 9.77396527e+01
5.11544705e-01 5.38921646e+02 1.02963959e+02
5.22876588e-01 5.53199447e+02 1.08304943e+02
5.34279236e-01 5.67684164e+02 1.13763309e+02
5.45757794e-01 5.82383847e+02 1.19339813e+02
5.57317036e-01 5.97306227e+02 1.25035265e+02
5.68961406e-01 6.12458755e+02 1.30850520e+02
5.80695059e-01 6.27848635e+02 1.36786480e+02
5.92521885e-01 6.43482855e+02 1.42844088e+02
6.04445545e-01 6.59368216e+02 1.49024323e+02
6.16469487e-01 6.75511349e+02 1.55328204e+02
6.28596974e-01 6.91918736e+02 1.61756784e+02
6.40831098e-01 7.08596733e+02 1.68311148e+02
6.53174798e-01 7.25551578e+02 1.74992413e+02
6.65630874e-01 7.42789409e+02 1.81801725e+02
6.78202000e-01 7.60316277e+02 1.88740257e+02
6.90890737e-01 7.78138152e+02 1.95809212e+02
7.03699540e-01 7.96260938e+02 2.03009817e+02
7.16630770e-01 8.14690479e+02 2.10343323e+02
7.29686700e-01 8.33432567e+02 2.17811008e+02
7.42869525e-01 8.52492950e+02 2.25414170e+02
7.56181366e-01 8.71877339e+02 2.33154130e+02
7.69624277e-01 8.91591409e+02 2.41032232e+02
7.83200251e-01 9.11640809e+02 2.49049839e+02
7.96911221e-01 9.32031166e+02 2.57208336e+02
8.10759070e-01 9.52768085e+02 2.65509126e+02
8.24745632e-01 9.73857159e+02 2.73953632e+02
8.38872696e-01 9.95303968e+02 2.82543296e+02
8.53142010e-01 1.01711409e+03 2.91279578e+02
8.67555282e-01 1.03929308e+03 3.00163956e+02
8.82114185e-01 1.06184651e+03 3.09197925e+02
8.96820358e-01 1.08477995e+03 3.18382997e+02
9.11675412e-01 1.10809896e+03 3.27720702e+02
9.26680924e-01 1.13180911e+03 3.37212585e+02
9.41838449e-01 1.15591599e+03 3.46860208e+02
9.57149512e-01 1.18042516e+03 3.56665149e+02
9.72615620e-01 1.20534224e+03 3.66629000e+02
9.88238253e-01 1.23067282e+03 3.76753371e+02
1.00401887e+00 1.25642252e+03 3.87039886e+02
1.01995892e+00 1.28259697e+03 3.97490184e+02
1.03605983e+00 1.30920182e+03 4.08105917e+02
1.05232299e+00 1.33624273e+03 4.18888756e+02
1.06874980e+00 1.36372538e+03 4.29840382e+02
1.08534165e+00 1.39165547e+03 4.40962492e+02
1.10209988e+00 1.42003870e+03 4.52256798e+02
1.11902585e+00 1.44888081e+03 4.63725026e+02
1.13612089e+00 1.47818757e+03 4.75368913e+02
1.15338636e+00 1.50796472e+03 4.87190213e+02
1.17082351e+00 1.53821811e+03 4.99190693e+02
1.18843367e+00 1.56895352e+03 5.11372131e+02
1.20621814e+00 1.60017680e+03 5.23736322e+02
1.22417820e+00 1.63189382e+03 5.36285073e+02
1.24231512e+00 1.66411047e+03 5.49020202e+02
1.26063017e+00 1.69683266e+03 5.61943544e+02
1.27912461e+00 1.73006633e+03 5.75056943e+02
1.29779968e+00 1.76381744e+03 5.88362259e+02
1.31665663e+00 1.79809199e+03 6.01861363e+02
1.33569669e+00 1.83289599e+03 6.15556141e+02
1.35492110e+00 1.86823548e+03 6.29448489e+02
1.37433108e+00 1.90411653e+03 6.43540318e+02
1.39392784e+00 1.94054523e+03 6.57833550e+02
1.41371259e+00 1.97752772e+03 6.72330120e+02
1.43368655e+00 2.01507013e+03 6.87031975e+02
1.45385091e+00 2.05317864e+03 7.01941076e+02
1.47420687e+00 2.09185947e+03 7.17059396e+02
1.49475562e+00 2.13111884e+03 7.32388918e+02
1.51549835e+00 2.17096303e+03 7.47931641e+02
1.53643625e+00 2.21139831e+03 7.63689572e+02
1.55757049e+00 2.25243101e+03 7.79664734e+02
1.57890224e+00 2.29406748e+03 7.95859161e+02
1.60043268e+00 2.33631411e+03 8.12274897e+02
1.62216298e+00 2.37917728e+03 8.28914001e+02
1.64409430e+00 2.42266345e+03 8.45778543e+02
1.66622781e+00 2.46677908e+03 8.62870605e+02
1.68856466e+00 2.51153067e+03 8.80192280e+02
1.71110600e+00 2.55692475e+03 8.97745675e+02
1.73385300e+00 2.60296786e+03 9.15532906e+02
1.75680680e+00 2.64966661e+03 9.33556104e+02
1.77996855e+00 2.69702760e+03 9.51817410e+02
1.80333939e+00 2.74505749e+03 9.70318977e+02
1.82692046e+00 2.79376295e+03 9.89062971e+02
1.85071292e+00 2.84315070e+03 1.00805157e+03
1.87471789e+00 2.89322746e+03 1.02728696e+03
1.89893651e+00 2.94400003e+03 1.04677134e+03
1.92336991e+00 2.99547518e+03 1.06650693e+03
1.94801924e+00 3.04765977e+03 1.08649594e+03
1.97288561e+00 3.10056065e+03 1.10674062e+03
1.99797016e+00 3.15418472e+03 1.12724322e+03
2.02327401e+00 3.20853890e+03 1.14800598e+03
2.04879829e+00 3.26363015e+03 1.16903118e+03
2.07454412e+00 3.31946547e+03 1.19032110e+03
2.10051262e+00 3.37605187e+03 1.21187805e+03
2.12670492e+00 3.43339639e+03 1.23370431e+03
2.15312213e+00 3.49150614e+03 1.25580221e+03
2.17976537e+00 3.55038822e+03 1.27817408e+03
2.20663576e+00 3.61004977e+03 1.30082225e+03
2.23373441e+00 3.67049799e+03 1.32374909e+03
2.26106244e+00 3.73174007e+03 1.34695694e+03
2.28862095e+00 3.79378326e+03 1.37044819e+03
2.31641106e+00 3.85663483e+03 1.39422522e+03
2.34443388e+00 3.92030209e+03 1.41829043e+03
2.37269052e+00 3.98479238e+03 1.44264623e+03
2.40118209e+00 4.05011306e+03 1.46729504e+03
2.42990969e+00 4.11627154e+03 1.49223928e+03
2.45887443e+00 4.18327525e+03 1.51748141e+03
2.48807742e+00 4.25113165e+03 1.54302388e+03
2.51751975e+00 4.31984825e+03 1.56886915e+03
2.54720254e+00 4.38943258e+03 1.59501970e+03
2.57712688e+00 4.45989218e+03 1.62147802e+03
2.60729388e+00 4.53123467e+03 1.64824661e+03
2.63770464e+00 4.60346767e+03 1.67532798e+03
2.66836025e+00 4.67659883e+03 1.70272465e+03
2.69926182e+00 4.75063585e+03 1.73043916e+03
2.73041045e+00 4.82558644e+03 1.75847406e+03
2.76180723e+00 4.90145837e+03 1.78683189e+03
2.79345325e+00 4.97825942e+03 1.81551524e+03
2.82534963e+00 5.05599742e+03 1.84452667e+03
2.85749745e+00 5.13468021e+03 1.87386879e+03
2.88989781e+00 5.21431568e+03 1.90354418e+03
2.92255180e+00 5.29491175e+03 1.93355547e+03
2.95546051e+00 5.37647637e+03 1.96390528e+03
2.98862505e+00 5.45901752e+03 1.99459625e+03
3.02204650e+00 5.54254321e+03 2.02563102e+03
3.05572596e+00 5.62706149e+03 2.05701225e+03
3.08966451e+00 5.71258045e+03 2.08874262e+03
3.12386325e+00 5.79910819e+03 2.12082479e+03
3.15832327e+00 5.88665286e+03 2.15326148e+03
3.19304566e+00 5.97522264e+03 2.18605537e+03
3.22803151e+00 6.06482574e+03 2.21920919e+03
3.26328191e+00 6.15547039e+03 2.25272566e+03
3.29879795e+00 6.24716489e+03 2.28660751e+03
3.33458071e+00 6.33991752e+03 2.32085751e+03
3.37063129e+00 6.43373664e+03 2.35547840e+03
3.40695077e+00 6.52863061e+03 2.39047296e+03
3.44354024e+00 6.62460785e+03 2.42584397e+03
3.48040079e+00 6.72167679e+03 2.46159423e+03
3.51753350e+00 6.81984590e+03 2.49772653e+03
3.55493946e+00 6.91912369e+03 2.53424370e+03
3.59261975e+00 7.01951869e+03 2.57114857e+03
3.63057547e+00 7.12103947e+03 2.60844396e+03
3.66880769e+00 7.22369464e+03 2.64613274e+03
3.70731750e+00 7.32749283e+03 2.68421776e+03
3.74610599e+00 7.43244270e+03 2.72270189e+03
3.78517424e+00 7.53855296e+03 2.76158803e+03
3.82452333e+00 7.64583234e+03 2.80087905e+03
3.86415435e+00 7.75428961e+03 2.84057787e+03
3.90406837e+00 7.86393355e+03 2.88068741e+03
3.94426649e+00 7.97477302e+03 2.92121059e+03
3.98474979e+00 8.08681686e+03 2.96215036e+03
4.02551939e+00 8.20007398e+03 3.00350965e+03
4.06657628e+00 8.31455330e+03 3.04529145e+03
4.10792160e+00 8.43026380e+03 3.08749871e+03
4.14955643e+00 8.54721445e+03 3.13013442e+03
4.19148184e+00 8.66541430e+03 3.17320158e+03
4.23369891e+00 8.78487241e+03 3.21670319e+03
4.27620873e+00 8.90559786e+03 3.26064227e+03
4.31901239e+00 9.02759978e+03 3.30502185e+03
4.36211095e+00 9.15088734e+03 3.34984497e+03
4.40550550e+00 9.27546972e+03 3.39511468e+03
4.44919712e+00 9.40135615e+03 3.44083405e+03
4.49318689e+00 9.52855589e+03 3.48700614e+03
4.53747589e+00 9.65707823e+03 3.53363404e+03
4.58206520e+00 9.78693249e+03 3.58072084e+03
4.62695590e+00 9.91812803e+03 3.62826966e+03
4.67214906e+00 1.00506742e+04 3.67628361e+03
4.71764577e+00 1.01845806e+04 3.72476582e+03
4.76344711e+00 1.03198564e+04 3.77371942e+03
4.80955415e+00 1.04565113e+04 3.82314758e+03
4.85596797e+00 1.05945547e+04 3.87305345e+03
4.90268965e+00 1.07339963e+04 3.92344021e+03
4.94972027e+00 1.08748455e+04 3.97431104e+03
